source("confidence_plot.R")
setwd("/home/iarroyof/summ_features")
source("confidence_plot.R")
source("confidence_plot.R")
source("confidence_plot.R")
View(get_conf_graph)
sub(".\w*", "", "d31001t.C")
sub(".\\w*", "", "d31001t.C")
sub(".\\w*", "", "d31001t.hsgfgh")
source("confidence_plot.R")
source("confidence_plot.R")
source("confidence_plot.R")
source("confidence_plot.R")
source("confidence_plot.R")
23959320_Z	5	3	0	3	1	1	0	1	3	111	6	1	17	1	2	2	0	1	0	0	0	0	0	0	0	6	5	1	9	0	0	13	8	0	0	0	1	12	7	7	0	0	0	10	5	5	1	0	0	0	5	0	2	1	6	2	6	4	0	1	0	1	1	3	1	0	0	0	0	0	1	2	0	0	0	0	0	0	0	1	0	0	6	0	0	0	0	0	2	0	0	0	0	0	0
10613136_Z	4	1	0	3	0	1	0	0	9	113	1	0	6	2	2	0	0	2	0	0	0	0	2	0	0	8	6	2	15	0	0	15	8	0	0	0	0	19	6	8	0	0	0	2	0	0	0	0	0	0	5	0	4	0	0	6	3	6	0	3	0	1	3	4	3	0	0	0	0	0	0	0	0	0	0	0	0	0	0	0	0	0	8	0	0	0	0	0	3	0	0	0	0	0	0
25807540_Z	5	5	0	2	1	2	0	0	4	108	7	0	18	0	9	5	0	3	0	2	0	0	0	0	0	19	2	1	6	0	0	13	3	0	0	0	0	14	0	21	0	0	0	6	3	4	0	0	0	0	7	0	3	1	5	3	0	11	1	1	0	1	1	7	1	0	0	0	0	0	0	0	0	0	0	0	0	0	0	0	0	0	10	1	0	1	0	0	1	2	0	0	1	0	0
35012987_Z	6	2	0	3	0	3	0	0	6	125	4	3	12	0	0	1	0	0	3	4	0	0	0	0	0	8	9	1	14	0	0	13	7	1	0	0	1	27	5	1	1	0	1	6	4	4	0	0	1	0	3	0	4	0	1	2	5	5	0	0	0	2	1	11	1	1	0	0	0	0	1	0	0	0	0	0	0	0	0	0	0	0	7	1	0	0	0	0	4	0	0	0	0	0	0
9765282_Z	7	5	0	6	1	0	0	0	7	114	2	0	18	1	9	3	5	0	2	0	0	0	0	0	0	20	5	2	17	0	0	17	10	0	0	0	1	18	4	15	1	0	0	5	0	4	0	0	0	0	0	0	2	0	0	1	5	5	0	0	0	2	0	2	0	0	0	0	0	0	1	0	1	0	1	0	0	0	0	0	0	0	8	0	0	0	0	0	0	1	0	0	0	0	0
7930086_Z	5	2	0	3	1	1	0	0	3	109	2	0	28	0	0	4	0	0	1	0	0	0	0	0	0	5	4	0	17	0	0	18	4	0	0	0	0	19	11	5	1	0	0	2	0	3	0	0	0	0	3	0	1	0	3	4	3	4	0	0	0	0	0	5	0	3	0	0	0	0	0	1	0	0	0	0	0	0	0	1	0	0	8	0	0	0	1	0	0	0	0	0	0	0	0
17128706_Z	8	3	0	1	3	4	0	0	0	103	5	0	27	0	11	0	0	4	0	0	0	0	0	0	0	15	6	0	9	0	0	5	4	0	0	0	1	16	0	15	0	0	1	5	3	6	0	0	0	0	4	0	4	0	0	2	0	17	0	2	0	0	0	1	0	0	0	0	0	0	0	1	1	0	0	0	0	0	0	0	0	0	7	0	0	1	0	0	6	0	0	0	0	0	0
32214275_Z	11	3	1	2	5	3	0	0	7	122	7	2	24	0	0	0	1	0	0	0	0	0	0	0	0	1	6	0	16	0	0	9	10	1	0	0	2	22	8	1	0	0	0	9	2	7	1	0	0	0	2	0	4	5	0	3	4	6	0	3	0	0	0	6	0	0	0	0	0	0	0	0	0	0	0	0	0	0	0	0	0	1	11	0	0	0	0	1	1	2	0	0	0	0	0
36079889_Z	7	1	0	2	2	2	1	0	2	123	6	1	28	1	3	1	4	0	0	4	0	0	0	0	0	13	3	2	11	0	0	15	10	0	0	0	0	19	4	5	0	0	0	6	7	5	0	0	1	0	5	0	5	0	3	2	1	11	1	0	0	0	0	8	0	1	0	0	0	0	2	1	2	0	0	0	0	0	0	0	0	1	7	2	1	0	0	1	0	0	0	0	0	0	0
1170181_Z	6	1	0	3	2	1	0	0	2	116	4	2	22	1	8	0	0	0	1	0	0	1	0	0	0	11	3	1	14	0	0	12	9	1	0	0	0	18	4	8	0	0	2	4	2	2	0	0	0	0	6	0	5	0	2	4	2	9	0	3	0	0	0	7	0	0	0	0	0	0	1	0	0	0	0	0	0	0	0	0	0	0	8	0	0	0	0	1	3	1	0	0	0	0	0
14615533_Z	6	6	0	5	1	0	0	0	3	128	4	1	23	0	9	0	0	0	1	0	0	0	0	0	0	10	2	0	20	0	0	14	6	0	0	0	0	18	3	11	0	0	2	4	0	5	0	0	1	0	5	0	7	0	3	3	3	8	4	0	0	1	1	8	1	0	0	0	0	0	1	0	2	0	0	0	0	0	0	0	0	2	7	0	0	0	0	2	0	0	0	0	0	0	0
32883936_Z	6	4	0	3	2	1	0	0	2	118	0	1	19	0	13	1	1	0	0	0	0	0	0	0	0	15	5	0	14	0	0	11	6	0	0	0	0	21	3	17	0	0	2	0	2	2	0	0	1	0	3	0	2	0	1	2	1	8	0	2	0	0	0	8	0	0	2	2	0	0	1	0	0	0	0	0	0	0	0	1	0	0	9	0	0	0	0	0	1	0	0	0	0	0	0
30638543_Z	5	3	0	2	2	1	0	0	5	105	4	1	17	0	10	1	0	0	0	0	0	0	0	0	0	11	4	0	10	0	1	15	9	0	0	0	0	22	3	9	0	0	2	2	3	2	0	0	1	0	5	0	3	0	2	1	0	7	0	1	0	1	0	7	0	0	0	0	0	0	1	0	0	1	0	0	0	0	0	0	0	0	7	0	0	0	0	0	1	1	0	0	0	0	0
8710347_Z	4	6	0	4	0	0	0	0	3	110	2	2	39	1	7	5	2	0	0	0	0	0	0	0	0	15	5	1	12	0	0	10	5	0	0	0	0	23	5	15	0	0	1	2	0	4	0	0	2	0	4	0	3	0	0	3	3	5	0	1	0	1	0	7	0	1	0	0	0	0	0	1	0	0	0	0	0	0	0	0	0	0	9	0	0	0	0	0	1	1	0	0	0	0	0
31206425_Z	6	1	0	3	1	2	0	0	4	124	6	2	25	1	5	4	0	0	5	0	0	0	0	0	0	15	4	1	17	0	0	19	12	0	0	0	0	23	5	11	0	0	1	1	5	4	0	0	0	0	5	0	4	0	3	1	0	4	0	0	0	0	0	9	0	1	0	0	0	0	0	0	2	0	0	0	0	0	0	0	1	1	4	3	0	0	0	1	1	0	0	0	0	0	0
12947954_Z	4	5	0	2	0	2	0	0	3	125	5	2	16	1	7	0	0	0	0	0	0	0	0	0	0	8	7	1	6	0	0	13	8	1	0	0	2	10	8	9	0	0	0	8	5	6	0	0	1	0	6	0	9	0	3	2	2	8	1	1	0	0	0	14	0	0	0	0	0	0	1	1	0	0	0	0	0	0	0	0	0	0	9	0	0	0	0	0	4	3	0	0	0	0	0
6659784_Z	5	3	0	5	0	0	0	0	1	126	5	0	29	0	11	0	0	1	0	1	0	0	0	0	0	13	2	0	10	0	0	14	10	1	0	0	1	18	2	15	1	0	3	7	2	4	0	0	0	0	5	0	4	3	2	3	1	8	1	1	0	0	1	7	1	0	0	0	0	0	2	0	0	0	0	0	0	0	0	0	0	0	8	0	0	0	0	0	1	0	0	1	1	0	0
17129542_Z	9	3	0	5	3	1	0	0	4	105	7	2	29	1	9	0	2	14	0	0	0	0	0	0	0	26	0	2	7	0	0	10	6	0	0	0	0	16	1	21	0	0	0	6	4	7	1	0	1	0	0	0	1	1	5	2	1	11	0	1	0	0	0	5	0	1	0	0	0	0	1	1	1	1	0	0	0	0	0	0	0	0	9	0	0	0	0	0	0	0	0	1	0	0	0
6917971_Z	5	3	0	4	0	1	0	0	4	130	4	3	25	1	8	3	1	2	0	0	0	0	0	0	0	15	5	1	10	0	0	18	8	0	0	0	1	16	6	13	0	0	0	3	8	6	1	0	0	0	3	0	7	1	0	3	1	8	0	3	0	0	1	12	1	0	0	0	0	0	0	0	2	1	0	0	0	0	0	0	0	0	7	0	0	0	0	0	3	2	0	0	0	0	0
15220459_Z	4	3	0	4	0	0	0	0	2	119	1	0	25	0	4	2	1	0	1	0	0	0	0	0	0	8	7	0	13	0	0	14	2	0	0	0	0	21	3	8	0	0	0	4	4	4	0	0	0	0	5	0	3	2	2	5	2	8	1	2	0	1	0	7	0	0	0	0	0	0	0	0	0	0	1	0	0	0	0	0	0	0	7	1	0	0	0	2	2	0	0	0	0	0	0
26338405_Z	6	6	0	6	0	0	0	1	3	126	3	0	21	0	16	2	4	2	0	2	0	2	0	0	0	28	3	1	11	0	0	13	3	1	0	0	0	18	6	22	0	0	0	0	3	1	0	0	1	0	5	0	3	0	4	5	1	11	0	3	0	0	0	11	0	1	0	0	0	0	2	0	0	1	0	0	0	0	0	1	0	0	10	0	0	0	0	0	2	0	0	0	0	0	0
13840353_Z	5	3	0	4	1	0	0	0	6	105	8	0	15	0	1	2	2	5	3	0	0	0	0	0	0	13	4	0	18	0	0	13	6	0	0	0	1	19	5	9	1	0	1	0	2	4	0	0	2	0	4	0	3	2	3	5	1	3	0	1	0	0	1	6	0	0	0	0	0	0	2	0	0	0	0	0	0	0	0	1	0	1	6	0	0	0	0	1	1	0	0	0	0	0	0
3526088_Z	4	2	0	3	0	1	0	0	2	116	8	2	14	0	9	0	9	0	4	0	0	0	0	0	0	22	4	0	12	0	0	17	6	0	1	0	0	19	5	19	0	0	0	0	4	2	0	0	0	0	6	0	5	0	4	3	0	6	0	2	0	0	0	9	0	0	0	0	0	0	0	0	0	0	0	0	0	0	0	0	0	0	7	2	0	0	0	0	3	0	0	0	0	0	0
9022488_Z	5	5	0	4	0	1	0	0	2	118	3	0	26	0	0	1	1	0	0	1	0	0	0	0	0	3	6	0	18	0	0	11	8	0	0	0	1	21	4	2	0	3	0	3	2	4	0	0	0	0	7	0	5	0	1	3	1	7	0	1	0	0	0	10	0	0	0	0	0	0	1	0	0	0	0	0	0	0	0	1	0	0	3	1	0	0	0	0	2	0	1	0	1	0	0
28090980_Z	4	7	0	3	1	0	0	0	2	116	3	0	23	0	20	1	0	0	0	3	0	0	0	0	0	24	7	0	9	0	0	11	4	0	0	0	1	14	4	22	0	0	0	3	5	3	0	0	2	0	4	0	4	0	0	2	2	7	0	1	0	1	0	8	0	0	3	0	0	0	1	0	0	0	0	0	0	0	0	0	0	1	6	1	0	0	0	0	3	2	0	0	0	0	0
10582947_Y	4	4	0	2	0	2	0	0	1	109	3	2	42	0	8	1	4	0	3	0	0	0	0	0	0	16	7	1	12	0	0	11	6	0	0	0	1	23	1	11	0	0	0	2	6	2	0	0	0	0	3	0	3	0	0	2	2	6	0	1	0	0	0	11	0	0	0	0	0	0	0	0	0	0	0	0	0	0	0	1	0	0	5	0	0	0	0	0	3	1	0	0	0	0	0
19570233_Y	8	7	0	4	3	1	0	0	3	108	7	0	19	1	9	0	0	5	0	0	0	0	0	0	0	15	3	1	10	0	0	11	2	0	0	0	0	18	7	15	0	0	0	3	2	2	0	0	2	0	2	0	1	2	2	4	2	8	0	1	0	1	0	8	0	0	3	0	0	0	0	0	2	0	0	0	0	0	0	0	1	0	7	0	0	0	0	1	2	2	0	0	0	0	0
20478345_Y	3	4	1	2	0	0	0	1	2	122	1	0	32	1	14	5	3	4	0	0	0	0	0	2	0	29	5	3	12	0	0	12	5	0	0	0	0	20	1	24	0	0	3	0	0	0	0	0	1	0	5	0	5	2	1	3	0	7	0	1	1	0	0	9	0	3	0	0	0	0	0	0	0	0	0	0	0	0	0	0	0	0	9	0	0	0	0	0	3	4	0	0	0	0	0
34750408_Y	9	5	1	3	3	2	0	0	5	120	4	1	23	2	6	0	2	3	3	1	0	0	0	0	0	17	6	3	12	0	0	10	8	0	1	0	4	20	2	15	0	0	1	2	3	2	0	0	0	0	4	0	7	0	1	2	2	8	0	2	0	0	0	6	0	0	0	0	0	0	3	0	0	0	0	0	0	0	0	0	0	1	10	0	0	0	0	0	1	0	0	0	0	0	0
12105437_Y	6	4	0	6	0	0	0	0	4	122	7	0	14	0	0	0	0	0	2	0	0	0	0	0	0	2	4	0	15	0	0	12	11	0	0	0	0	24	3	0	0	0	0	6	4	7	0	0	1	0	4	0	4	1	2	3	4	10	0	3	0	1	0	8	0	0	0	0	0	0	0	2	0	0	0	0	0	0	0	1	0	0	10	0	0	0	0	0	0	1	0	0	0	0	0
30137970_Y	4	1	0	2	2	0	0	0	2	115	4	3	26	1	31	4	0	0	0	0	1	0	0	0	0	37	4	1	9	0	0	13	1	0	1	0	0	13	3	41	0	0	1	2	1	0	0	0	0	0	3	3	2	0	0	1	0	4	0	0	0	0	0	17	0	0	0	0	0	0	0	1	0	0	0	0	0	0	0	0	0	0	5	0	0	0	0	0	0	0	0	0	0	0	0
21139749_Y	5	5	0	2	1	2	0	0	2	100	11	0	13	0	22	0	3	0	3	0	0	0	0	0	0	28	7	1	11	0	0	12	6	0	0	0	1	14	6	27	2	0	2	1	2	1	0	0	0	0	0	0	1	0	0	1	1	5	0	1	0	0	1	4	1	0	0	0	0	0	0	0	0	0	0	0	0	0	0	0	1	0	6	0	0	0	0	0	1	0	0	0	0	0	0
8981188_Y	6	6	0	5	1	0	0	0	2	111	4	1	18	1	14	3	0	2	0	0	0	0	0	0	0	20	5	1	9	0	0	7	5	0	0	0	0	16	3	21	0	0	0	2	4	8	0	0	0	0	4	0	2	3	2	3	1	6	0	3	0	1	0	6	0	0	0	0	0	0	0	0	0	0	0	0	0	0	0	0	0	0	11	0	0	0	0	0	0	1	0	0	0	0	0
12440160_Y	6	4	0	4	1	1	0	0	7	112	3	3	17	0	4	3	0	0	0	0	0	0	0	0	0	7	2	0	10	1	0	7	6	1	1	0	0	15	3	8	0	0	4	7	4	7	0	0	3	0	6	0	7	1	3	2	4	4	1	0	0	0	0	10	0	2	0	0	0	0	1	0	0	0	0	0	0	0	0	0	0	1	7	1	0	0	0	0	0	3	0	1	0	0	0
1304346_Y	5	4	0	3	1	1	0	0	3	115	5	0	15	3	5	2	1	0	1	0	0	0	0	0	0	12	4	3	16	0	0	15	8	1	0	0	0	22	3	8	0	0	0	5	1	3	0	0	0	0	4	0	3	0	2	3	1	8	0	1	0	0	0	7	0	0	0	0	0	0	0	0	1	0	0	0	0	0	0	1	0	0	6	0	0	0	0	1	0	0	0	0	0	0	0
9126846_Y	6	4	0	5	1	0	0	0	4	118	2	0	30	0	6	8	1	0	6	0	0	0	0	0	0	21	5	1	11	0	0	14	4	0	0	0	0	14	2	19	0	0	2	6	1	3	0	0	2	0	4	0	4	0	0	2	3	6	0	0	0	2	0	13	0	0	0	0	0	0	0	0	1	0	0	0	0	0	0	0	0	0	5	0	1	1	0	0	3	0	0	0	0	0	0
30671819_Y	6	2	0	3	1	2	0	0	3	113	2	4	23	1	9	0	0	0	0	0	0	0	0	0	0	10	1	1	12	0	0	17	3	0	0	0	1	21	2	16	0	0	2	8	5	5	0	0	0	0	2	0	2	0	0	0	2	9	1	1	0	0	2	1	2	0	0	0	0	0	1	0	0	0	0	0	0	0	0	0	0	0	11	0	0	0	0	1	1	1	0	0	0	0	0
14492055_Y	6	4	0	5	0	1	0	0	3	109	7	2	44	0	11	0	0	0	1	0	0	0	0	0	0	12	9	0	10	0	0	5	10	0	0	0	0	17	1	15	0	0	2	2	2	5	1	0	1	0	6	0	5	0	0	2	1	12	0	0	0	0	2	6	1	0	0	0	0	0	1	0	0	0	0	0	0	0	0	2	0	0	3	0	0	0	0	0	7	0	0	0	0	0	0
2093270_Y	5	4	0	3	2	0	0	0	6	101	8	0	37	1	0	1	3	0	2	4	0	0	0	0	0	11	3	3	20	0	0	12	14	0	1	0	0	17	7	2	0	0	0	1	1	2	0	0	0	0	2	0	2	1	3	5	2	7	0	0	0	1	0	4	0	0	0	0	0	0	3	0	1	0	0	0	0	0	0	0	0	1	7	0	0	0	0	0	2	0	0	0	0	0	0
21388576_Y	5	4	0	5	0	0	0	0	11	114	1	0	21	0	7	0	1	1	0	0	0	0	0	0	0	9	6	0	12	0	0	15	9	0	0	0	1	21	2	8	0	0	2	7	2	6	0	0	0	0	3	0	1	2	4	6	4	4	0	0	0	1	0	5	0	0	0	0	0	0	3	0	0	0	0	0	0	0	0	1	0	0	7	0	0	0	0	0	2	0	0	0	0	0	0
12798515_Y	7	5	1	4	0	1	1	2	4	114	6	0	32	2	3	0	0	0	0	2	0	0	0	0	0	7	6	3	17	0	0	10	13	0	0	0	1	20	6	3	0	0	1	6	3	0	0	1	0	0	4	0	6	0	3	1	2	9	1	0	0	1	0	2	0	0	0	0	0	0	3	0	0	0	0	0	0	0	0	2	0	0	4	0	0	1	0	1	2	0	0	0	0	0	0
15841250_Y	7	3	0	3	4	0	0	0	2	111	3	0	40	0	13	0	0	0	0	3	0	0	1	0	0	17	0	1	9	0	0	16	7	0	0	0	0	17	3	13	0	0	0	3	4	7	0	0	1	0	3	0	2	0	0	2	0	12	0	2	0	1	0	6	0	0	0	0	0	0	1	0	0	0	0	0	0	0	0	0	0	0	9	2	0	0	0	0	0	0	0	0	0	0	0
21287649_Y	5	3	0	3	1	1	0	0	2	111	6	0	2	1	15	1	0	0	1	0	0	0	0	0	0	18	1	1	7	0	0	14	11	0	0	0	1	10	4	18	0	0	0	2	5	6	0	0	0	0	4	0	5	0	3	1	0	7	0	3	0	0	0	5	0	0	6	0	0	0	1	1	1	0	0	0	0	0	0	0	0	0	8	0	0	0	0	0	0	0	0	0	0	0	0
11100390_Y	8	7	0	5	1	2	0	0	7	114	5	1	20	0	18	4	1	0	0	0	0	0	0	0	0	23	1	0	8	1	0	18	1	0	0	0	0	18	2	19	0	0	2	3	2	6	0	0	2	0	6	0	4	0	3	1	0	9	0	0	0	0	0	13	0	0	0	0	0	0	1	0	0	0	0	0	0	0	0	0	0	1	9	0	0	0	0	2	0	1	0	0	0	0	0
33923927_Y	6	3	0	3	1	2	0	0	2	113	6	2	25	0	11	0	0	0	0	0	0	0	0	0	0	11	5	0	9	0	0	16	7	0	0	0	1	22	0	15	0	0	1	4	4	2	0	0	1	0	2	0	5	1	3	1	0	13	0	1	0	0	0	5	0	0	0	0	0	0	2	0	1	0	0	0	0	0	0	0	0	1	6	0	0	0	0	0	4	0	0	0	0	0	0
29489347_Y	4	4	0	3	0	1	0	0	5	105	5	1	35	0	0	2	1	0	3	1	0	1	0	0	0	8	3	0	16	0	0	12	8	0	0	0	0	18	4	10	0	0	1	1	3	4	0	0	2	0	4	0	2	1	2	7	3	6	0	0	0	1	0	4	0	0	0	0	0	0	0	1	0	0	0	0	0	0	1	0	0	0	5	1	0	0	0	1	1	1	0	0	0	0	0
3405396_Y	4	1	0	4	0	0	0	0	3	116	5	1	49	1	10	1	0	0	2	4	0	0	0	0	0	18	5	2	11	0	0	17	6	0	0	0	0	17	6	16	0	0	2	3	4	4	0	1	1	0	2	0	1	1	2	5	1	7	0	0	0	1	0	6	0	0	0	0	0	0	1	1	1	0	0	0	0	0	0	0	0	0	5	0	0	0	0	0	0	1	0	0	0	0	0
14079871_Y	6	2	0	4	1	1	0	0	3	112	2	0	33	2	7	5	4	0	1	0	0	0	0	0	0	19	2	4	13	0	0	14	8	2	0	0	0	13	3	10	0	0	1	2	4	8	0	0	0	0	0	0	0	0	2	4	0	11	1	1	0	0	0	7	0	1	0	0	0	0	1	1	0	0	0	0	0	0	0	0	0	0	9	0	0	0	0	0	2	0	0	0	0	0	0
12719322_Y	8	3	0	6	2	0	0	0	1	124	1	0	31	2	3	9	0	4	5	0	0	0	0	0	0	23	4	2	15	0	0	7	9	0	0	0	1	15	5	19	4	0	1	1	2	1	0	0	0	0	4	0	2	1	2	4	5	6	0	1	0	1	0	6	0	0	0	0	0	0	1	0	0	0	0	0	0	0	0	0	0	0	8	0	0	0	0	0	2	1	0	0	1	0	0
29649592_Y	2	2	1	1	0	0	0	0	4	127	1	1	20	0	4	6	0	1	7	0	0	0	0	0	0	18	3	0	16	0	0	18	12	1	0	0	0	15	7	20	0	0	0	2	3	0	0	0	0	0	4	0	3	1	2	1	2	3	0	0	0	1	0	11	0	2	2	2	0	0	0	1	0	0	0	0	0	0	0	0	0	1	5	0	0	0	0	0	0	1	0	0	0	0	0
28374339_W	8	3	0	3	3	2	0	0	3	128	1	1	42	0	13	2	0	0	0	0	0	0	1	0	0	16	4	0	9	0	0	16	7	0	0	0	0	15	2	17	0	0	2	4	7	7	0	0	0	0	6	0	5	1	1	1	0	12	0	2	0	0	1	5	1	0	0	0	0	0	1	0	1	0	0	0	0	0	0	0	0	0	9	2	0	0	0	2	2	0	0	0	0	0	0
15250411_W	4	2	0	4	0	0	0	0	2	119	8	0	50	0	6	1	2	0	8	0	0	0	0	0	0	17	2	0	17	0	0	19	10	0	0	0	0	20	6	11	2	0	4	0	3	3	0	0	0	0	2	0	2	1	1	3	0	6	0	1	0	1	2	8	0	1	0	0	0	0	0	0	0	0	0	0	0	0	0	0	1	0	8	0	0	0	0	0	0	2	0	0	0	0	0
36621772_W	5	4	0	3	0	2	0	0	4	105	6	0	33	1	0	1	2	0	0	0	0	0	0	0	0	4	3	2	17	0	0	14	8	0	0	0	1	22	6	1	0	0	1	2	2	2	0	0	1	0	2	0	1	1	3	2	1	9	1	1	0	0	2	3	2	0	0	0	0	0	0	0	0	0	0	0	0	0	0	0	0	1	8	0	0	0	0	0	1	1	0	0	0	0	0
24062726_W	5	2	2	1	1	0	1	0	5	142	5	0	14	3	7	0	0	0	0	0	0	0	0	0	0	10	4	0	16	0	0	10	4	0	0	0	2	21	3	11	0	0	0	7	8	6	0	0	1	0	3	0	5	0	2	2	3	7	0	0	0	2	4	21	4	1	0	0	0	0	2	1	0	0	0	0	0	0	0	0	0	0	8	0	0	0	0	1	3	2	0	1	0	0	0
10085500_W	4	5	0	3	1	0	0	0	3	118	5	0	36	0	7	0	3	0	0	5	0	0	1	0	0	16	3	2	6	0	0	10	9	1	0	0	1	19	2	8	0	0	2	5	7	6	0	0	0	0	7	0	5	0	4	5	2	6	0	1	0	0	1	9	1	0	0	0	0	0	0	1	0	0	0	0	1	0	0	0	0	0	5	0	0	0	0	0	3	1	0	0	0	0	0
24940480_W	4	4	1	3	0	0	0	0	6	120	4	0	16	3	2	0	0	0	1	0	0	0	0	0	0	6	6	3	13	0	0	10	6	0	0	0	1	19	14	3	0	0	0	1	2	2	0	0	1	0	3	0	7	0	9	4	3	5	3	0	0	1	1	8	1	0	0	0	0	0	1	1	0	0	0	0	0	0	0	1	0	0	10	1	0	0	0	0	1	1	0	0	0	0	0
15098889_W	9	2	0	5	0	4	0	0	0	119	1	1	29	0	0	0	0	0	0	2	0	2	0	0	0	4	2	1	17	0	0	12	3	0	0	0	0	24	4	0	0	0	0	8	4	3	0	0	0	0	5	0	3	5	6	1	1	4	0	0	0	1	0	8	0	0	0	0	0	0	0	1	1	0	0	0	0	0	0	1	0	1	8	0	0	0	0	1	1	0	0	0	0	0	0
10823667_W	4	1	0	2	0	2	0	0	2	104	3	0	17	0	0	0	0	0	4	0	0	0	0	0	0	4	6	0	10	0	0	10	7	0	1	0	1	19	6	4	0	0	0	5	3	4	0	0	0	0	4	0	5	1	0	5	0	7	0	2	0	0	0	5	0	0	0	0	0	0	0	0	0	0	0	0	0	0	0	0	0	0	5	1	0	0	0	0	3	1	0	0	0	0	0
770300_W	5	1	0	4	0	1	0	0	4	126	7	0	27	1	3	3	0	0	0	0	1	0	0	0	0	8	5	1	13	0	0	13	10	0	0	0	0	22	5	6	0	0	1	4	8	3	0	0	0	0	4	0	3	2	2	4	1	8	1	0	0	1	1	13	1	0	0	0	0	0	0	0	1	0	0	0	0	0	0	0	0	0	9	0	0	0	0	0	1	1	0	0	0	0	0
26666832_W	6	4	0	3	0	3	0	0	1	106	7	1	28	0	7	1	0	0	0	0	0	0	0	0	0	8	2	0	14	0	0	12	5	0	0	0	0	18	7	8	1	0	0	3	3	3	1	0	0	0	3	0	3	0	3	1	0	11	1	1	0	1	1	3	1	0	3	0	0	0	1	0	0	0	0	0	0	0	0	0	0	0	10	0	0	0	0	0	2	0	0	0	0	0	0
32912072_W	5	3	0	4	1	0	0	0	5	116	4	0	35	3	10	2	0	0	1	2	0	0	0	0	0	18	4	4	8	0	0	15	8	0	0	0	0	15	6	12	0	0	0	2	5	4	0	0	0	0	4	0	3	0	4	1	1	7	0	1	0	2	0	14	0	0	0	0	0	0	1	1	1	0	0	0	0	0	0	0	0	0	8	0	0	0	0	0	2	2	0	0	0	0	0
32380648_W	7	2	0	3	2	2	0	1	1	126	5	0	31	1	7	2	4	0	0	2	3	0	0	0	0	19	3	5	7	0	0	12	7	0	0	0	0	19	3	13	0	0	0	10	4	0	0	0	0	0	6	0	5	1	2	3	1	10	0	2	0	0	1	7	1	1	3	0	0	0	2	0	0	0	0	0	0	1	0	0	1	0	9	1	0	0	0	1	2	0	0	0	0	0	0
17813880_W	5	2	0	4	1	0	0	0	1	110	1	0	16	0	11	0	1	0	0	0	0	0	1	0	0	13	4	0	15	0	0	12	3	1	0	0	0	17	4	10	0	0	0	2	1	5	0	0	0	0	7	0	3	1	4	4	0	7	0	1	0	0	0	5	0	1	0	0	0	0	1	0	1	0	0	0	0	0	0	1	1	0	8	0	0	0	0	0	1	2	0	0	0	0	0
18571533_W	5	4	0	4	0	1	0	0	1	102	4	0	40	0	4	0	5	0	0	5	0	0	0	0	0	14	6	2	11	0	0	8	9	0	0	0	0	19	8	4	0	0	0	3	2	5	0	0	0	0	3	0	3	0	0	5	7	3	0	0	0	2	0	2	0	0	0	0	0	0	1	1	0	0	0	0	0	0	0	0	0	0	5	1	0	0	0	0	3	0	0	0	0	0	0
32151115_W	9	4	0	6	2	1	0	0	6	121	2	1	36	1	15	2	0	3	1	2	0	0	0	0	0	24	8	2	5	0	0	13	4	0	0	0	0	18	2	27	0	0	0	2	1	7	0	0	0	0	4	0	7	4	1	0	2	11	0	0	0	0	0	3	0	0	0	0	0	0	3	0	0	0	0	0	0	0	0	1	0	0	11	0	0	0	0	1	4	1	0	0	0	0	0
32405156_W	5	3	0	3	2	0	0	0	3	129	2	0	30	1	8	1	2	1	0	7	0	0	0	0	0	20	5	3	17	0	0	16	6	1	0	0	0	27	6	10	0	0	1	4	4	3	1	0	0	0	3	0	4	0	0	0	0	9	0	1	0	1	0	7	0	1	0	0	0	0	1	0	0	0	0	0	1	0	0	0	0	0	7	0	0	0	0	0	2	0	0	0	1	0	0
13769297_W	6	5	0	6	0	0	0	1	8	117	3	0	17	1	7	2	1	0	1	0	0	0	0	0	0	12	2	0	10	0	0	13	11	0	0	0	3	21	1	13	0	0	2	7	3	6	0	0	0	0	2	0	3	3	2	3	0	8	2	1	0	2	0	5	0	0	0	0	0	0	2	1	2	0	0	0	0	0	0	0	0	0	10	0	0	0	0	0	1	0	0	0	0	0	0
28136271_W	8	4	0	4	3	1	0	0	5	110	4	1	28	1	8	0	4	4	0	0	0	0	0	0	0	17	1	1	19	0	0	15	4	0	0	0	1	24	3	15	0	0	0	1	2	1	0	0	1	0	2	0	4	0	4	2	3	5	0	1	0	0	0	3	0	0	0	0	0	0	0	0	0	0	0	0	0	0	0	0	0	0	9	0	0	0	0	0	0	0	0	0	0	0	0
4398477_W	4	2	0	2	1	1	0	0	2	119	1	0	31	0	3	0	0	0	8	0	0	0	1	0	0	12	4	0	15	0	0	15	15	0	0	0	0	25	4	8	0	0	3	1	3	0	0	0	1	0	3	0	3	0	3	2	1	7	0	1	0	0	0	4	0	0	0	0	0	0	1	0	0	0	0	0	0	0	0	0	0	0	9	0	0	0	0	0	0	0	0	0	1	0	0
29278064_W	3	3	0	2	0	1	0	0	2	119	4	2	36	0	10	0	0	0	0	0	0	0	0	0	0	10	2	0	8	1	0	12	10	0	0	0	1	18	3	13	0	0	2	4	5	3	0	0	2	0	10	0	9	0	3	1	1	7	0	2	0	0	0	7	0	0	0	0	0	0	1	0	1	0	1	0	0	0	0	1	0	0	7	1	0	0	0	0	0	1	0	1	0	0	0
2642180_W	5	2	0	4	0	1	0	0	3	116	2	0	35	0	8	0	2	0	2	2	1	0	1	0	0	16	4	1	11	0	0	16	9	1	0	0	0	20	5	10	0	0	1	2	3	2	0	0	0	0	0	0	1	0	1	4	0	9	0	1	0	0	0	12	0	0	2	2	0	0	3	0	0	0	0	0	0	0	0	0	0	0	6	0	0	0	0	0	0	0	0	0	0	0	0
6629405_W	4	2	1	3	0	0	0	0	1	172	4	0	14	11	9	2	0	3	3	5	0	0	0	0	0	33	1	12	9	0	0	7	8	0	0	0	0	38	4	29	2	0	0	0	0	1	0	0	0	6	0	0	0	3	2	3	0	1	0	0	0	0	1	1	1	9	18	18	0	0	0	0	0	0	0	0	0	0	0	0	0	0	10	0	0	0	0	0	0	2	0	0	0	0	0
7332392_W	3	1	0	3	0	0	0	0	10	97	1	0	21	0	2	0	1	0	1	0	0	0	0	0	0	4	2	0	18	0	0	15	8	0	0	0	1	16	5	3	0	0	0	2	3	4	0	0	2	0	4	0	4	0	2	4	2	5	1	2	0	0	0	2	0	0	0	0	0	0	1	0	0	0	0	0	0	0	0	0	0	0	6	0	0	0	0	0	2	1	0	0	1	1	0
14127574_W	6	3	1	3	0	2	0	0	4	113	6	1	26	0	5	0	0	1	0	0	0	0	0	0	0	6	4	0	11	0	0	10	8	0	0	0	1	15	7	7	0	0	0	1	4	5	0	0	2	0	7	0	8	1	0	7	1	7	0	1	0	3	0	8	0	0	0	0	0	0	0	0	1	0	0	0	1	0	0	0	0	1	8	0	0	0	0	0	2	0	0	0	0	0	0
2019025_W	3	1	0	2	0	1	0	0	1	123	7	0	26	1	6	9	0	0	2	0	0	0	0	0	0	18	3	1	15	0	0	18	8	0	0	0	0	21	5	17	0	0	0	2	1	6	0	0	0	0	3	0	0	0	3	3	0	9	0	2	0	1	1	5	1	0	3	0	0	0	0	0	0	0	0	0	0	0	0	0	0	1	9	0	0	1	0	0	0	0	0	0	0	0	0
13759088_V	5	3	0	4	1	0	0	0	5	120	5	1	15	3	7	0	3	0	0	0	2	0	1	0	0	16	5	3	10	0	0	11	7	0	0	0	0	22	0	7	0	0	1	6	5	7	0	0	0	0	5	0	3	1	3	5	1	12	0	4	0	1	1	5	1	0	0	0	0	0	3	0	0	0	0	0	0	0	0	0	0	0	13	0	0	0	0	0	2	1	0	0	0	0	0
16593269_V	3	3	0	2	1	0	0	0	2	107	1	0	23	0	4	1	0	0	0	3	0	0	0	0	0	8	4	1	16	0	0	13	3	0	0	0	2	19	6	7	0	0	0	1	1	5	0	0	2	0	4	0	6	0	1	4	0	5	0	0	0	0	1	4	1	2	0	0	0	0	0	0	0	0	0	0	0	0	0	0	0	1	5	1	0	0	0	0	0	0	0	0	0	0	0
19322734_V	5	5	0	4	0	1	0	0	2	132	6	0	35	2	10	0	0	0	0	0	0	0	0	0	0	12	4	2	17	0	0	15	8	0	0	0	0	12	12	20	3	1	2	2	1	3	0	0	1	0	1	0	2	0	1	4	1	5	0	1	0	0	4	2	4	3	2	2	0	0	1	0	0	0	0	0	0	0	0	0	0	0	7	0	0	0	0	0	2	1	0	0	0	0	0
8272243_V	3	5	1	2	0	0	0	0	4	122	0	1	19	4	1	4	2	0	0	0	2	0	0	0	0	13	2	4	22	0	0	13	6	0	0	0	1	29	3	6	1	0	1	3	0	0	0	0	1	0	5	0	6	0	0	1	2	4	0	1	0	0	1	10	1	1	0	0	0	0	0	0	0	0	0	0	0	1	1	0	0	0	5	0	0	0	0	0	1	1	0	0	0	0	0
3667955_V	4	3	0	2	2	0	0	0	4	123	5	0	27	0	8	5	3	0	3	0	0	0	0	0	0	19	5	0	8	0	0	19	10	0	0	0	0	20	7	14	0	0	4	1	7	2	0	0	1	0	5	0	4	3	3	4	1	2	1	0	0	0	0	6	0	1	0	0	0	0	1	0	0	0	0	0	0	0	0	0	0	0	6	1	0	0	0	0	0	2	0	0	1	0	0
33052281_V	8	3	0	6	2	0	0	0	6	109	5	0	25	1	14	1	0	0	0	0	0	0	0	0	0	16	5	1	12	0	0	12	3	0	0	0	0	17	4	15	0	0	1	6	4	2	0	0	0	0	1	0	3	0	2	6	0	11	0	0	1	0	0	3	0	0	2	2	0	0	2	1	0	0	0	0	0	0	0	1	0	0	7	0	0	0	0	0	1	0	0	2	1	0	0
10750885_V	8	7	0	3	3	2	0	0	3	123	3	0	43	1	7	0	0	0	1	0	0	0	0	0	0	9	4	1	14	0	0	11	7	0	0	0	0	21	1	7	0	0	4	7	1	8	0	0	0	0	5	0	5	1	0	5	6	4	0	0	0	0	0	8	0	1	0	0	0	0	0	0	0	0	2	0	0	0	0	1	0	0	7	1	0	1	0	1	1	1	0	0	0	0	0
12507175_V	5	1	0	3	0	2	0	0	3	117	5	1	39	0	13	1	6	5	0	0	0	0	0	0	0	25	4	0	12	0	0	11	15	1	1	0	0	20	2	18	0	0	2	2	6	0	0	0	1	0	2	0	1	2	1	1	0	5	0	1	0	0	0	13	0	0	0	0	0	0	1	0	1	0	0	0	0	0	0	0	0	2	5	0	0	0	0	0	0	0	0	0	0	0	0
12059824_V	4	4	0	4	0	0	0	0	4	110	2	0	60	0	17	1	6	0	0	2	0	0	0	0	0	26	4	4	11	0	0	16	6	1	0	0	0	10	10	17	0	0	1	2	1	8	1	0	0	0	1	0	0	3	2	4	0	4	2	1	0	0	0	3	0	0	0	0	0	0	0	0	0	0	0	0	0	0	0	0	0	0	6	0	0	0	0	0	2	0	0	0	0	0	0
5507687_V	4	1	0	4	0	0	0	0	1	106	5	1	20	0	11	8	0	0	0	0	0	0	0	0	0	19	3	0	11	0	0	18	7	0	0	0	1	18	7	21	0	0	0	0	4	2	0	0	0	0	0	0	1	2	1	2	0	2	0	2	0	0	0	7	0	0	0	0	0	0	0	0	0	0	0	0	0	0	0	1	0	0	4	0	0	0	0	0	1	1	0	0	0	0	0
22542212_V	7	5	0	4	2	1	0	0	6	124	0	0	22	2	6	0	0	0	0	0	1	0	0	0	0	9	3	2	11	0	0	16	4	2	0	0	0	18	4	7	0	0	4	6	7	2	0	1	0	0	7	0	6	1	2	2	6	8	1	0	0	0	0	3	0	0	0	0	0	0	0	1	0	0	0	0	1	0	0	1	0	1	5	0	0	0	0	1	3	0	0	0	0	0	0
14001162_V	6	3	0	5	1	0	0	0	2	102	9	0	27	0	4	0	0	4	0	0	0	0	0	0	0	8	2	0	9	0	0	10	12	1	0	0	0	23	6	8	0	0	1	5	4	0	0	0	0	0	5	0	3	0	3	2	2	7	0	1	0	1	0	2	0	0	0	0	0	0	1	0	2	0	0	0	0	0	0	0	0	0	9	0	0	0	0	0	0	2	0	0	0	0	0
28948643_V	4	2	0	4	0	0	0	0	4	105	6	0	11	1	7	4	0	2	0	0	0	0	0	0	0	14	2	0	10	0	0	13	6	0	0	0	0	17	4	15	0	0	2	1	5	1	0	0	1	0	4	0	4	0	1	6	1	8	0	1	0	1	0	4	0	0	2	2	0	0	2	0	1	0	0	0	0	0	0	0	0	2	7	1	0	0	0	0	1	0	0	0	0	0	0
2627813_V	6	2	0	5	0	1	0	0	2	108	5	0	20	0	9	5	7	0	0	0	2	0	0	0	0	23	3	0	16	0	0	13	6	0	0	0	0	23	3	16	0	0	1	0	1	4	0	0	0	0	3	0	1	0	7	4	1	5	0	0	0	0	0	2	0	0	0	0	0	0	1	0	0	0	0	0	0	0	0	0	0	0	8	0	0	0	0	0	2	0	0	0	0	0	0
30050789_V	8	5	1	5	1	1	0	0	3	108	2	0	22	1	9	0	0	0	0	0	0	0	0	0	0	10	3	1	10	0	0	12	2	0	0	0	0	14	6	12	0	0	2	6	1	4	0	0	0	0	2	0	2	2	3	6	3	8	0	2	0	0	0	4	0	0	0	0	0	0	1	0	1	0	0	0	0	0	0	0	0	0	10	0	0	0	0	0	2	0	0	0	0	0	0
7421657_V	3	3	0	3	0	0	0	0	3	110	8	1	29	0	9	8	0	0	0	4	0	0	0	0	0	21	4	1	9	0	0	14	10	0	0	0	0	19	1	19	0	0	0	3	4	2	0	0	0	0	6	0	4	0	5	4	0	8	0	1	0	0	0	5	0	0	0	0	0	0	2	0	1	0	0	0	0	0	0	0	0	1	6	1	0	0	0	0	1	0	0	1	0	0	0
15411235_V	3	4	0	2	0	1	0	0	3	120	2	0	36	0	3	0	1	0	0	0	0	0	0	0	0	4	3	0	13	0	0	16	8	0	1	0	0	17	6	4	0	0	3	4	4	3	0	0	1	0	4	0	4	4	3	8	2	6	1	2	0	1	0	4	0	0	0	0	0	0	2	0	1	1	0	0	0	0	0	0	0	0	7	1	0	0	0	0	1	3	0	0	0	0	0
21714757_V	7	4	0	5	0	2	0	0	3	137	3	1	34	0	16	0	0	0	0	0	0	0	0	0	0	16	6	0	8	0	0	13	7	0	0	0	0	28	0	15	0	0	3	4	8	7	0	0	0	0	3	0	4	0	1	4	1	11	0	0	0	1	1	11	1	0	0	0	0	0	2	0	0	0	0	0	0	0	0	0	0	0	9	0	0	0	0	1	3	1	0	0	0	0	0
3132637_V	7	3	0	5	1	1	0	0	4	122	3	0	21	0	9	5	0	0	0	0	0	0	0	0	0	14	4	0	11	0	0	15	7	0	0	0	1	21	2	13	0	0	1	8	4	2	0	0	1	0	3	0	5	2	5	2	0	9	1	1	0	1	0	3	0	0	0	0	0	0	3	0	0	0	0	0	0	0	0	0	0	1	7	0	0	0	0	0	2	1	0	1	0	1	0
25510256_V	3	3	0	2	0	1	0	0	7	125	3	1	30	1	6	1	0	0	2	0	0	0	0	0	0	10	4	1	6	0	1	16	7	0	0	0	1	16	5	11	0	0	2	4	7	12	0	0	0	0	4	0	6	1	3	3	1	5	0	0	0	1	2	11	2	1	0	0	0	0	1	0	1	0	0	0	0	0	0	0	0	0	7	0	0	0	0	0	1	3	0	1	0	0	0
26735228_V	7	6	0	4	2	1	0	0	1	106	5	1	24	0	9	1	0	1	0	0	0	0	1	0	0	12	8	0	10	0	0	11	9	0	0	0	0	13	5	13	2	0	0	1	3	4	0	0	1	0	2	0	0	2	3	2	1	8	0	0	0	1	0	4	0	0	3	0	0	0	0	1	0	0	0	0	0	0	0	1	0	0	6	0	0	0	0	0	3	0	0	1	0	0	0
5947065_V	7	2	0	5	1	1	0	1	1	111	2	1	11	7	4	0	0	0	4	1	0	0	1	0	0	17	2	7	15	0	0	7	10	1	0	0	0	20	6	12	0	0	1	3	1	1	0	0	0	0	1	0	1	0	2	1	1	6	2	0	0	0	1	4	1	2	0	2	0	0	0	0	1	0	0	0	0	0	0	0	0	0	11	0	0	0	0	0	0	0	0	0	0	0	0
20986251_V	6	4	0	3	2	1	0	0	2	110	7	1	13	1	5	2	0	0	0	0	0	0	0	0	0	8	3	1	14	0	0	11	10	0	0	0	1	15	6	8	0	0	0	8	2	1	0	0	1	0	3	0	3	0	3	1	4	9	0	2	0	1	0	7	0	0	0	0	0	0	2	0	2	1	0	0	0	0	0	0	0	0	8	0	0	0	0	1	0	2	1	0	0	0	0
28259693_V	5	4	0	4	0	1	0	0	2	107	5	0	21	0	3	1	0	0	0	0	0	1	0	0	0	5	3	0	15	0	0	15	6	0	0	0	0	15	4	10	0	0	0	6	2	0	0	0	1	0	4	0	5	0	3	2	3	5	1	2	0	1	0	6	0	0	0	0	0	0	0	0	1	1	0	0	0	0	0	0	0	1	8	0	0	0	0	0	0	0	0	0	0	0	0
4471231_V	5	5	0	3	1	1	0	0	1	111	2	2	33	2	3	6	3	0	2	0	0	0	0	0	0	16	4	2	13	0	0	11	7	1	0	0	0	15	7	10	1	0	0	3	5	0	0	0	0	0	1	0	1	3	4	7	2	3	1	3	0	0	0	4	0	3	0	0	0	0	2	0	1	0	0	0	0	0	0	0	0	0	9	0	0	0	0	0	2	1	0	0	0	0	0
24570345_U	6	4	0	3	0	3	0	1	1	111	5	0	25	0	6	6	3	0	0	0	0	0	0	0	0	15	2	1	5	0	0	13	5	1	0	0	1	10	8	12	0	0	0	5	9	2	0	0	0	0	5	0	5	1	4	3	1	11	0	2	0	1	0	4	0	1	0	0	0	0	3	0	1	0	0	0	0	1	0	0	0	1	9	0	0	0	0	0	1	1	0	1	0	0	0
23773341_U	5	5	0	3	1	1	0	0	2	116	4	1	46	0	12	0	3	1	0	0	0	0	0	0	0	16	5	1	15	0	0	13	8	0	1	0	0	21	1	15	0	0	3	3	0	2	0	0	1	0	4	0	2	1	2	1	1	9	2	1	0	0	0	6	0	0	0	0	0	0	0	1	0	0	0	0	0	0	0	0	0	1	6	0	0	0	0	0	1	1	1	0	0	0	0
20066677_U	6	4	0	3	2	1	0	0	2	117	6	0	29	1	5	0	2	0	0	0	0	0	1	0	0	9	7	1	14	0	0	15	11	0	0	0	1	24	5	5	0	0	1	4	5	3	0	0	0	0	3	0	4	4	2	1	0	4	0	1	0	1	0	3	0	0	0	0	0	0	0	2	0	0	0	0	0	0	0	1	0	0	7	0	0	0	0	0	3	1	0	0	0	0	0
4922371_U	6	4	0	4	1	1	0	0	5	112	1	2	22	1	4	3	1	0	0	0	0	0	0	0	0	9	2	1	14	0	0	12	7	0	0	0	0	22	4	7	0	0	1	2	5	4	0	0	1	0	4	0	5	2	3	1	2	7	0	3	0	0	0	4	0	1	0	0	0	0	0	0	0	1	0	0	0	0	0	0	0	0	9	0	0	1	0	0	0	1	0	0	0	0	0
2259783_U	5	4	0	4	0	0	1	0	2	124	4	1	15	0	10	1	0	0	1	0	0	0	0	0	2	14	4	1	14	0	0	14	8	0	0	0	0	24	4	13	0	0	1	2	3	4	0	0	1	0	2	0	3	3	5	2	2	4	1	0	0	0	0	7	0	5	0	0	0	0	0	0	0	0	0	0	0	0	0	0	0	0	9	1	0	0	0	1	1	0	0	0	0	0	0
12582043_U	6	5	0	3	0	3	0	0	1	116	4	0	36	1	7	2	1	0	1	0	0	0	0	0	0	12	4	2	15	0	0	15	6	0	0	0	0	21	4	9	0	1	1	6	1	3	0	0	1	0	3	0	2	8	3	4	0	2	1	0	0	0	0	3	0	0	0	0	0	0	2	1	1	0	0	0	0	0	0	0	0	0	8	0	0	0	0	0	2	0	0	1	0	0	0
171550_U	6	7	0	4	0	2	0	0	1	128	2	0	19	2	6	1	0	0	2	0	0	0	0	0	0	11	5	2	8	0	0	14	3	0	0	0	0	25	4	11	0	0	1	4	8	2	0	0	0	0	3	0	5	0	6	1	2	9	0	3	0	0	0	9	0	0	0	0	0	0	1	0	0	0	0	0	0	0	0	0	0	0	10	0	0	0	0	1	4	0	0	0	0	0	0
3459677_U	6	3	0	6	0	0	0	0	8	111	1	1	18	2	16	0	0	0	0	0	0	0	0	0	0	18	6	2	4	0	0	12	8	0	0	0	0	6	9	16	0	0	0	7	8	6	0	0	0	0	4	0	4	0	0	3	6	6	0	1	0	0	0	6	0	1	0	0	0	0	1	0	0	0	0	0	0	0	0	0	1	0	5	0	0	0	0	0	5	0	0	0	1	0	0
5667757_U	5	6	0	2	1	2	0	0	1	104	2	0	12	0	4	3	2	0	0	0	0	0	0	0	0	9	6	0	10	0	0	6	9	0	0	0	0	16	6	9	1	0	1	5	6	2	0	0	0	0	7	0	4	0	3	0	1	7	1	0	0	0	0	2	0	0	0	0	0	0	0	0	0	0	0	0	0	0	0	0	0	0	5	1	0	0	0	0	4	0	0	0	0	0	0
10813763_U	5	5	0	5	0	0	0	0	3	133	0	0	36	1	8	5	0	2	0	0	0	0	0	0	0	16	3	1	17	0	0	21	6	1	0	0	0	25	1	24	0	0	3	1	1	0	0	0	0	0	3	0	2	0	1	5	0	7	0	0	0	0	1	4	1	1	2	0	0	0	0	1	0	0	0	0	0	0	0	0	0	0	8	0	0	0	0	0	1	0	0	0	0	0	0
21303335_U	6	6	0	6	0	0	0	0	3	115	3	0	16	0	8	4	0	0	1	0	0	0	0	0	0	13	5	0	17	0	0	11	3	0	0	0	1	15	3	15	0	0	2	4	3	3	0	0	2	0	6	0	5	0	1	3	0	12	1	0	0	1	0	2	0	0	0	0	0	0	2	1	0	0	0	0	0	0	0	1	1	0	4	0	0	0	0	0	5	0	0	0	0	0	0
16915757_U	7	3	1	2	2	2	0	0	3	110	7	1	32	0	12	0	0	0	0	2	0	0	0	0	0	14	6	1	7	0	0	15	6	0	0	0	0	13	4	12	0	0	0	6	5	7	0	0	0	0	4	0	3	2	3	2	2	11	0	0	0	0	0	5	0	0	0	0	0	0	2	1	0	0	0	0	0	0	0	0	1	0	6	1	0	0	0	0	5	0	0	0	0	0	0
3761238_U	6	5	0	4	1	1	0	0	6	107	1	0	13	1	7	0	0	0	0	0	1	0	0	0	0	9	2	1	13	0	0	11	5	0	0	0	1	22	1	7	0	0	1	7	2	6	0	0	1	0	4	0	5	0	3	1	1	8	1	0	0	0	0	4	1	0	0	0	0	0	1	0	0	0	0	0	0	0	0	0	0	0	6	0	0	0	0	0	1	1	0	1	0	0	0
22287758_U	6	3	0	5	0	1	0	0	1	114	7	1	65	0	13	3	2	2	7	0	0	0	0	0	0	27	1	2	10	0	0	16	8	0	0	0	0	20	2	17	2	0	1	3	1	2	0	0	0	0	4	0	2	0	0	5	0	8	0	0	0	0	0	9	0	0	2	2	0	0	0	1	0	0	0	0	0	0	0	0	1	0	7	0	0	0	0	0	0	0	0	0	0	0	0
33824540_U	7	5	0	5	2	0	0	0	5	108	1	1	17	0	10	0	0	0	0	0	0	0	0	0	0	10	8	0	13	0	0	7	4	0	0	0	0	14	6	10	1	0	0	5	2	4	0	0	0	0	5	0	4	0	0	2	3	13	1	1	0	0	0	5	0	0	0	0	0	0	0	0	0	0	0	0	0	0	0	0	0	0	12	0	0	0	0	0	4	0	0	0	0	0	0
32883730_U	8	4	0	3	3	2	0	0	5	123	2	1	33	0	10	0	4	0	1	0	0	0	0	0	0	15	8	1	11	0	0	12	1	1	0	0	0	21	3	10	1	0	1	3	6	4	1	0	1	0	3	0	3	3	4	5	0	12	0	1	0	0	0	4	0	0	2	2	0	0	0	0	0	1	0	0	0	0	0	1	1	0	9	0	0	0	0	0	5	1	0	0	0	0	0
8711818_U	6	4	0	5	1	0	0	0	5	112	3	0	49	0	7	1	1	1	7	0	0	0	0	0	0	17	5	1	8	0	0	12	12	0	0	0	0	20	7	12	0	0	2	5	1	3	0	0	0	0	4	0	6	0	0	2	1	8	0	1	0	0	0	4	0	0	0	0	0	0	0	0	0	0	0	0	0	0	0	0	0	1	4	0	0	0	0	0	5	0	0	0	0	0	0
14812463_U	7	3	0	3	1	3	0	0	1	125	4	1	37	0	11	2	0	0	1	1	1	0	0	0	0	16	2	0	11	0	0	12	5	1	0	0	0	26	1	14	0	0	2	2	7	1	0	0	0	0	3	0	3	1	1	1	2	9	1	0	0	0	0	19	0	0	0	0	0	0	0	0	0	1	0	0	0	0	0	2	0	0	6	0	0	0	0	1	0	0	0	0	0	0	0
13598172_U	6	4	0	6	0	0	0	0	3	117	3	0	49	0	0	4	1	5	1	0	0	0	0	0	0	11	3	0	19	0	0	11	5	0	0	0	0	21	3	9	0	0	1	0	3	9	0	0	0	0	7	0	4	0	4	2	2	8	0	1	0	0	0	5	0	0	0	0	0	0	0	0	1	0	0	0	0	0	0	0	0	1	7	1	0	0	0	0	3	0	0	0	0	0	0
28802682_U	7	3	0	3	3	1	0	0	1	123	3	0	42	0	2	1	8	5	5	0	0	0	0	0	0	21	6	4	12	0	0	12	7	0	0	0	1	18	12	16	1	0	1	4	2	0	0	1	0	0	3	0	2	1	3	1	3	4	0	0	0	1	0	6	0	0	0	0	0	0	2	1	0	0	0	0	0	0	0	0	0	0	6	0	0	0	0	0	1	0	0	0	0	0	0
16731647_U	8	5	0	7	0	1	0	0	4	128	1	0	32	0	17	2	0	0	2	0	0	0	0	4	0	25	6	2	10	0	0	9	5	0	0	0	0	24	2	21	0	0	3	3	4	1	0	0	0	0	8	0	8	0	2	4	1	6	0	0	0	0	0	5	0	0	0	0	0	0	0	0	0	0	0	0	0	0	0	0	0	1	8	1	0	0	0	1	0	0	0	0	0	0	0
36089665_U	5	3	0	5	0	0	0	0	4	113	1	0	34	1	8	0	0	0	0	0	0	0	0	0	0	9	6	1	8	0	0	16	4	0	0	0	0	16	5	8	0	0	1	6	4	7	0	0	0	0	2	0	2	1	1	7	2	10	0	0	0	0	0	5	0	1	0	0	0	0	1	0	1	0	0	0	0	1	0	0	0	0	4	0	0	0	0	0	2	0	0	1	0	0	0
8988995_U	8	3	0	5	2	1	0	0	3	110	3	2	23	0	9	6	0	0	0	2	0	0	0	0	0	17	4	1	11	0	0	15	5	0	0	0	0	26	3	12	0	0	3	4	2	2	0	0	0	0	2	0	2	0	0	1	0	9	0	1	0	0	0	7	0	0	0	0	0	0	1	0	0	0	0	0	0	0	0	0	0	1	8	1	0	0	0	0	3	0	0	0	0	0	0
18001963_U	7	3	0	5	2	0	0	0	3	122	3	1	22	2	6	5	0	0	0	0	0	0	0	0	0	13	9	2	16	0	0	15	9	0	1	0	0	13	3	12	2	1	0	6	1	3	0	0	0	1	2	0	1	1	0	4	8	3	0	0	0	1	0	5	0	1	3	0	0	0	2	2	0	0	0	0	0	0	0	0	0	0	6	1	0	0	0	0	1	1	0	0	0	0	1
28433267_U	7	2	0	5	0	2	0	0	7	111	4	0	33	0	9	0	1	0	0	0	0	0	0	0	0	10	5	0	4	0	0	12	13	0	0	0	0	13	6	9	0	0	0	2	5	7	2	0	1	0	3	0	3	0	2	5	0	11	0	0	0	0	0	8	0	1	2	2	0	0	0	0	0	0	0	0	0	0	0	0	0	3	7	1	0	0	0	0	3	0	0	0	0	0	0
dev.off()
source("confidence_plot.R")
dev.off()
dev.off()
dev.off()
dev.off()
dev.off()
source("confidence_plot.R")
source("confidence_plot.R")
source("confidence_plot.R")
source("confidence_plot.R")
