23959320_112.txt,5,3,0,3,1,1,0,1,3,111,6,1,17,1,2,2,0,1,0,0,0,0,0,0,0,6,5,1,9,0,0,13,8,0,0,0,1,12,7,7,0,0,0,10,5,5,1,0,0,0,5,0,2,1,6,2,6,4,0,1,0,1,1,5,3,1,0,0,0,0,0,0,0,0,1,2,0,0,0,0,0,0,0,1,0,0,6,0,0,0,0,0,2,0,0,0,0,0,0,0,12
10613136_109.txt,4,1,0,3,0,1,0,0,9,113,1,0,6,2,2,0,0,2,0,0,0,0,2,0,0,8,6,2,15,0,0,15,8,0,0,0,0,19,6,8,0,0,0,2,0,0,0,0,0,0,5,0,4,0,0,6,3,6,0,3,0,1,3,4,4,3,0,0,0,0,0,0,0,0,0,0,0,0,0,0,0,0,0,0,0,0,8,0,0,0,0,0,3,0,0,0,0,0,0,0,11
25807540_106.txt,5,5,0,2,1,2,0,0,4,108,7,0,18,0,9,5,0,3,0,2,0,0,0,0,0,19,2,1,6,0,0,13,3,0,0,0,0,14,0,21,0,0,0,6,3,4,0,0,0,0,7,0,3,1,5,3,0,11,1,1,0,1,1,4,7,1,0,0,0,0,0,0,0,0,0,0,0,0,0,0,0,0,0,0,0,0,10,1,0,1,0,0,1,2,0,0,1,0,0,0,16
35012987_115.txt,6,2,0,3,0,3,0,0,6,125,4,3,12,0,0,1,0,0,3,4,0,0,0,0,0,8,9,1,14,0,0,13,7,1,0,0,1,27,5,1,1,0,1,6,4,4,0,0,1,0,3,0,4,0,1,2,5,5,0,0,0,2,1,6,11,1,1,0,0,0,0,0,0,0,1,0,0,0,0,0,0,0,0,0,0,0,7,1,0,0,0,0,4,0,0,0,0,0,0,0,13
9765282_117.txt,7,5,0,6,1,0,0,0,7,114,2,0,18,1,9,3,5,0,2,0,0,0,0,0,0,20,5,2,17,0,0,17,10,0,0,0,1,18,4,15,1,0,0,5,0,4,0,0,0,0,0,0,2,0,0,1,5,5,0,0,0,2,0,7,2,0,0,0,0,0,0,0,0,0,1,0,1,0,1,0,0,0,0,0,0,0,8,0,0,0,0,0,0,1,0,0,0,0,0,0,12
7930086_102.txt,5,2,0,3,1,1,0,0,3,109,2,0,28,0,0,4,0,0,1,0,0,0,0,0,0,5,4,0,17,0,0,18,4,0,0,0,0,19,11,5,1,0,0,2,0,3,0,0,0,0,3,0,1,0,3,4,3,4,0,0,0,0,0,4,5,0,3,0,0,0,0,0,0,0,0,1,0,0,0,0,0,0,0,1,0,0,8,0,0,0,1,0,0,0,0,0,0,0,0,0,11
17128706_101.txt,8,3,0,1,3,4,0,0,0,103,5,0,27,0,11,0,0,4,0,0,0,0,0,0,0,15,6,0,9,0,0,5,4,0,0,0,1,16,0,15,0,0,1,5,3,6,0,0,0,0,4,0,4,0,0,2,0,17,0,2,0,0,0,7,1,0,0,0,0,0,0,0,0,0,0,1,1,0,0,0,0,0,0,0,0,0,7,0,0,1,0,0,6,0,0,0,0,0,0,0,16
32214275_120.txt,11,3,1,2,5,3,0,0,7,122,7,2,24,0,0,0,1,0,0,0,0,0,0,0,0,1,6,0,16,0,0,9,10,1,0,0,2,22,8,1,0,0,0,9,2,7,1,0,0,0,2,0,4,5,0,3,4,6,0,3,0,0,0,11,6,0,0,0,0,0,0,0,0,0,0,0,0,0,0,0,0,0,0,0,0,1,11,0,0,0,0,1,1,2,0,0,0,0,0,0,16
36079889_119.txt,7,1,0,2,2,2,1,0,2,123,6,1,28,1,3,1,4,0,0,4,0,0,0,0,0,13,3,2,11,0,0,15,10,0,0,0,0,19,4,5,0,0,0,6,7,5,0,0,1,0,5,0,5,0,3,2,1,11,1,0,0,0,0,7,8,0,1,0,0,0,0,0,0,0,2,1,2,0,0,0,0,0,0,0,0,1,7,2,1,0,0,1,0,0,0,0,0,0,0,0,17
1170181_109.txt,6,1,0,3,2,1,0,0,2,116,4,2,22,1,8,0,0,0,1,0,0,1,0,0,0,11,3,1,14,0,0,12,9,1,0,0,0,18,4,8,0,0,2,4,2,2,0,0,0,0,6,0,5,0,2,4,2,9,0,3,0,0,0,6,7,0,0,0,0,0,0,0,0,0,1,0,0,0,0,0,0,0,0,0,0,0,8,0,0,0,0,1,3,1,0,0,0,0,0,0,14
14615533_119.txt,6,6,0,5,1,0,0,0,3,128,4,1,23,0,9,0,0,0,1,0,0,0,0,0,0,10,2,0,20,0,0,14,6,0,0,0,0,18,3,11,0,0,2,4,0,5,0,0,1,0,5,0,7,0,3,3,3,8,4,0,0,1,1,6,8,1,0,0,0,0,0,0,0,0,1,0,2,0,0,0,0,0,0,0,0,2,7,0,0,0,0,2,0,0,0,0,0,0,0,0,14
32883936_103.txt,6,4,0,3,2,1,0,0,2,118,0,1,19,0,13,1,1,0,0,0,0,0,0,0,0,15,5,0,14,0,0,11,6,0,0,0,0,21,3,17,0,0,2,0,2,2,0,0,1,0,3,0,2,0,1,2,1,8,0,2,0,0,0,6,8,0,0,0,0,0,2,2,0,0,1,0,0,0,0,0,0,0,0,1,0,0,9,0,0,0,0,0,1,0,0,0,0,0,0,0,12
30638543_106.txt,5,3,0,2,2,1,0,0,5,105,4,1,17,0,10,1,0,0,0,0,0,0,0,0,0,11,4,0,10,0,1,15,9,0,0,0,0,22,3,9,0,0,2,2,3,2,0,0,1,0,5,0,3,0,2,1,0,7,0,1,0,1,0,5,7,0,0,0,0,0,0,0,0,0,1,0,0,1,0,0,0,0,0,0,0,0,7,0,0,0,0,0,1,1,0,0,0,0,0,0,11
8710347_105.txt,4,6,0,4,0,0,0,0,3,110,2,2,39,1,7,5,2,0,0,0,0,0,0,0,0,15,5,1,12,0,0,10,5,0,0,0,0,23,5,15,0,0,1,2,0,4,0,0,2,0,4,0,3,0,0,3,3,5,0,1,0,1,0,4,7,0,1,0,0,0,0,0,0,0,0,1,0,0,0,0,0,0,0,0,0,0,9,0,0,0,0,0,1,1,0,0,0,0,0,0,12
31206425_118.txt,6,1,0,3,1,2,0,0,4,124,6,2,25,1,5,4,0,0,5,0,0,0,0,0,0,15,4,1,17,0,0,19,12,0,0,0,0,23,5,11,0,0,1,1,5,4,0,0,0,0,5,0,4,0,3,1,0,4,0,0,0,0,0,6,9,0,1,0,0,0,0,0,0,0,0,0,2,0,0,0,0,0,0,0,1,1,4,3,0,0,0,1,1,0,0,0,0,0,0,0,13
12947954_120.txt,4,5,0,2,0,2,0,0,3,125,5,2,16,1,7,0,0,0,0,0,0,0,0,0,0,8,7,1,6,0,0,13,8,1,0,0,2,10,8,9,0,0,0,8,5,6,0,0,1,0,6,0,9,0,3,2,2,8,1,1,0,0,0,4,14,0,0,0,0,0,0,0,0,0,1,1,0,0,0,0,0,0,0,0,0,0,9,0,0,0,0,0,4,3,0,0,0,0,0,0,18
6659784_118.txt,5,3,0,5,0,0,0,0,1,126,5,0,29,0,11,0,0,1,0,1,0,0,0,0,0,13,2,0,10,0,0,14,10,1,0,0,1,18,2,15,1,0,3,7,2,4,0,0,0,0,5,0,4,3,2,3,1,8,1,1,0,0,1,5,7,1,0,0,0,0,0,0,0,0,2,0,0,0,0,0,0,0,0,0,0,0,8,0,0,0,0,0,1,0,0,1,1,0,0,0,13
17129542_102.txt,9,3,0,5,3,1,0,0,4,105,7,2,29,1,9,0,2,14,0,0,0,0,0,0,0,26,0,2,7,0,0,10,6,0,0,0,0,16,1,21,0,0,0,6,4,7,1,0,1,0,0,0,1,1,5,2,1,11,0,1,0,0,0,8,5,0,1,0,0,0,0,0,0,0,1,1,1,1,0,0,0,0,0,0,0,0,9,0,0,0,0,0,0,0,0,1,0,0,0,0,14
6917971_120.txt,5,3,0,4,0,1,0,0,4,130,4,3,25,1,8,3,1,2,0,0,0,0,0,0,0,15,5,1,10,0,0,18,8,0,0,0,1,16,6,13,0,0,0,3,8,6,1,0,0,0,3,0,7,1,0,3,1,8,0,3,0,0,1,5,12,1,0,0,0,0,0,0,0,0,0,0,2,1,0,0,0,0,0,0,0,0,7,0,0,0,0,0,3,2,0,0,0,0,0,0,15
15220459_111.txt,4,3,0,4,0,0,0,0,2,119,1,0,25,0,4,2,1,0,1,0,0,0,0,0,0,8,7,0,13,0,0,14,2,0,0,0,0,21,3,8,0,0,0,4,4,4,0,0,0,0,5,0,3,2,2,5,2,8,1,2,0,1,0,4,7,0,0,0,0,0,0,0,0,0,0,0,0,0,1,0,0,0,0,0,0,0,7,1,0,0,0,2,2,0,0,0,0,0,0,0,13
26338405_115.txt,6,6,0,6,0,0,0,1,3,126,3,0,21,0,16,2,4,2,0,2,0,2,0,0,0,28,3,1,11,0,0,13,3,1,0,0,0,18,6,22,0,0,0,0,3,1,0,0,1,0,5,0,3,0,4,5,1,11,0,3,0,0,0,6,11,0,1,0,0,0,0,0,0,0,2,0,0,1,0,0,0,0,0,1,0,0,10,0,0,0,0,0,2,0,0,0,0,0,0,0,16
13840353_106.txt,5,3,0,4,1,0,0,0,6,105,8,0,15,0,1,2,2,5,3,0,0,0,0,0,0,13,4,0,18,0,0,13,6,0,0,0,1,19,5,9,1,0,1,0,2,4,0,0,2,0,4,0,3,2,3,5,1,3,0,1,0,0,1,5,6,0,0,0,0,0,0,0,0,0,2,0,0,0,0,0,0,0,0,1,0,1,6,0,0,0,0,1,1,0,0,0,0,0,0,0,12
3526088_115.txt,4,2,0,3,0,1,0,0,2,116,8,2,14,0,9,0,9,0,4,0,0,0,0,0,0,22,4,0,12,0,0,17,6,0,1,0,0,19,5,19,0,0,0,0,4,2,0,0,0,0,6,0,5,0,4,3,0,6,0,2,0,0,0,4,9,0,0,0,0,0,0,0,0,0,0,0,0,0,0,0,0,0,0,0,0,0,7,2,0,0,0,0,3,0,0,0,0,0,0,0,12
9022488_108.txt,5,5,0,4,0,1,0,0,2,118,3,0,26,0,0,1,1,0,0,1,0,0,0,0,0,3,6,0,18,0,0,11,8,0,0,0,1,21,4,2,0,3,0,3,2,4,0,0,0,0,7,0,5,0,1,3,1,7,0,1,0,0,0,5,10,0,0,0,0,0,0,0,0,0,1,0,0,0,0,0,0,0,0,1,0,0,3,1,0,0,0,0,2,0,1,0,1,0,0,0,10
28090980_112.txt,4,7,0,3,1,0,0,0,2,116,3,0,23,0,20,1,0,0,0,3,0,0,0,0,0,24,7,0,9,0,0,11,4,0,0,0,1,14,4,22,0,0,0,3,5,3,0,0,2,0,4,0,4,0,0,2,2,7,0,1,0,1,0,4,8,0,0,0,0,0,3,0,0,0,1,0,0,0,0,0,0,0,0,0,0,1,6,1,0,0,0,0,3,2,0,0,0,0,0,0,14
