10582947_104.txt,4,4,0,2,0,2,0,0,1,109,3,2,42,0,8,1,4,0,3,0,0,0,0,0,0,16,7,1,12,0,0,11,6,0,0,0,1,23,1,11,0,0,0,2,6,2,0,0,0,0,3,0,3,0,0,2,2,6,0,1,0,0,0,4,11,0,0,0,0,0,0,0,0,0,0,0,0,0,0,0,0,0,0,1,0,0,5,0,0,0,0,0,3,1,0,0,0,0,0,0,10
19570233_103.txt,8,7,0,4,3,1,0,0,3,108,7,0,19,1,9,0,0,5,0,0,0,0,0,0,0,15,3,1,10,0,0,11,2,0,0,0,0,18,7,15,0,0,0,3,2,2,0,0,2,0,2,0,1,2,2,4,2,8,0,1,0,1,0,8,8,0,0,0,0,0,3,0,0,0,0,0,2,0,0,0,0,0,0,0,1,0,7,0,0,0,0,1,2,2,0,0,0,0,0,0,15
20478345_107.txt,3,4,1,2,0,0,0,1,2,122,1,0,32,1,14,5,3,4,0,0,0,0,0,2,0,29,5,3,12,0,0,12,5,0,0,0,0,20,1,24,0,0,3,0,0,0,0,0,1,0,5,0,5,2,1,3,0,7,0,1,1,0,0,2,9,0,3,0,0,1,0,0,0,0,0,0,0,0,0,0,0,0,0,0,0,0,9,0,0,0,0,0,3,4,0,0,0,0,0,0,16
34750408_114.txt,9,5,1,3,3,2,0,0,5,120,4,1,23,2,6,0,2,3,3,1,0,0,0,0,0,17,6,3,12,0,0,10,8,0,1,0,4,20,2,15,0,0,1,2,3,2,0,0,0,0,4,0,7,0,1,2,2,8,0,2,0,0,0,9,6,0,0,0,0,0,0,0,0,0,3,0,0,0,0,0,0,0,0,0,0,1,10,0,0,0,0,0,1,0,0,0,0,0,0,0,15
12105437_119.txt,6,4,0,6,0,0,0,0,4,122,7,0,14,0,0,0,0,0,2,0,0,0,0,0,0,2,4,0,15,0,0,12,11,0,0,0,0,24,3,0,0,0,0,6,4,7,0,0,1,0,4,0,4,1,2,3,4,10,0,3,0,1,0,6,8,0,0,0,0,0,0,0,0,0,0,2,0,0,0,0,0,0,0,1,0,0,10,0,0,0,0,0,0,1,0,0,0,0,0,0,14
30137970_103.txt,4,1,0,2,2,0,0,0,2,115,4,3,26,1,31,4,0,0,0,0,1,0,0,0,0,37,4,1,9,0,0,13,1,0,1,0,0,13,3,41,0,0,1,2,1,0,0,0,0,0,3,3,2,0,0,1,0,4,0,0,0,0,0,4,17,0,0,0,0,0,0,0,0,0,0,1,0,0,0,0,0,0,0,0,0,0,5,0,0,0,0,0,0,0,0,0,0,0,0,0,6
21139749_105.txt,5,5,0,2,1,2,0,0,2,100,11,0,13,0,22,0,3,0,3,0,0,0,0,0,0,28,7,1,11,0,0,12,6,0,0,0,1,14,6,27,2,0,2,1,2,1,0,0,0,0,0,0,1,0,0,1,1,5,0,1,0,0,1,5,4,1,0,0,0,0,0,0,0,0,0,0,0,0,0,0,0,0,0,0,1,0,6,0,0,0,0,0,1,0,0,0,0,0,0,0,8
8981188_106.txt,6,6,0,5,1,0,0,0,2,111,4,1,18,1,14,3,0,2,0,0,0,0,0,0,0,20,5,1,9,0,0,7,5,0,0,0,0,16,3,21,0,0,0,2,4,8,0,0,0,0,4,0,2,3,2,3,1,6,0,3,0,1,0,6,6,0,0,0,0,0,0,0,0,0,0,0,0,0,0,0,0,0,0,0,0,0,11,0,0,0,0,0,0,1,0,0,0,0,0,0,12
12440160_104.txt,6,4,0,4,1,1,0,0,7,112,3,3,17,0,4,3,0,0,0,0,0,0,0,0,0,7,2,0,10,1,0,7,6,1,1,0,0,15,3,8,0,0,4,7,4,7,0,0,3,0,6,0,7,1,3,2,4,4,1,0,0,0,0,6,10,0,2,0,0,0,0,0,0,0,1,0,0,0,0,0,0,0,0,0,0,1,7,1,0,0,0,0,0,3,0,1,0,0,0,0,14
1304346_113.txt,5,4,0,3,1,1,0,0,3,115,5,0,15,3,5,2,1,0,1,0,0,0,0,0,0,12,4,3,16,0,0,15,8,1,0,0,0,22,3,8,0,0,0,5,1,3,0,0,0,0,4,0,3,0,2,3,1,8,0,1,0,0,0,5,7,0,0,0,0,0,0,0,0,0,0,0,1,0,0,0,0,0,0,1,0,0,6,0,0,0,0,1,0,0,0,0,0,0,0,0,9
9126846_105.txt,6,4,0,5,1,0,0,0,4,118,2,0,30,0,6,8,1,0,6,0,0,0,0,0,0,21,5,1,11,0,0,14,4,0,0,0,0,14,2,19,0,0,2,6,1,3,0,0,2,0,4,0,4,0,0,2,3,6,0,0,0,2,0,6,13,0,0,0,0,0,0,0,0,0,0,0,1,0,0,0,0,0,0,0,0,0,5,0,1,1,0,0,3,0,0,0,0,0,0,0,11
30671819_107.txt,6,2,0,3,1,2,0,0,3,113,2,4,23,1,9,0,0,0,0,0,0,0,0,0,0,10,1,1,12,0,0,17,3,0,0,0,1,21,2,16,0,0,2,8,5,5,0,0,0,0,2,0,2,0,0,0,2,9,1,1,0,0,2,6,1,2,0,0,0,0,0,0,0,0,1,0,0,0,0,0,0,0,0,0,0,0,11,0,0,0,0,1,1,1,0,0,0,0,0,0,15
14492055_104.txt,6,4,0,5,0,1,0,0,3,109,7,2,44,0,11,0,0,0,1,0,0,0,0,0,0,12,9,0,10,0,0,5,10,0,0,0,0,17,1,15,0,0,2,2,2,5,1,0,1,0,6,0,5,0,0,2,1,12,0,0,0,0,2,6,6,1,0,0,0,0,0,0,0,0,1,0,0,0,0,0,0,0,0,2,0,0,3,0,0,0,0,0,7,0,0,0,0,0,0,0,13
2093270_106.txt,5,4,0,3,2,0,0,0,6,101,8,0,37,1,0,1,3,0,2,4,0,0,0,0,0,11,3,3,20,0,0,12,14,0,1,0,0,17,7,2,0,0,0,1,1,2,0,0,0,0,2,0,2,1,3,5,2,7,0,0,0,1,0,5,4,0,0,0,0,0,0,0,0,0,3,0,1,0,0,0,0,0,0,0,0,1,7,0,0,0,0,0,2,0,0,0,0,0,0,0,14
21388576_117.txt,5,4,0,5,0,0,0,0,11,114,1,0,21,0,7,0,1,1,0,0,0,0,0,0,0,9,6,0,12,0,0,15,9,0,0,0,1,21,2,8,0,0,2,7,2,6,0,0,0,0,3,0,1,2,4,6,4,4,0,0,0,1,0,5,5,0,0,0,0,0,0,0,0,0,3,0,0,0,0,0,0,0,0,1,0,0,7,0,0,0,0,0,2,0,0,0,0,0,0,0,13
12798515_116.txt,7,5,1,4,0,1,1,2,4,114,6,0,32,2,3,0,0,0,0,2,0,0,0,0,0,7,6,3,17,0,0,10,13,0,0,0,1,20,6,3,0,0,1,6,3,0,0,1,0,0,4,0,6,0,3,1,2,9,1,0,0,1,0,7,2,0,0,0,0,0,0,0,0,0,3,0,0,0,0,0,0,0,0,2,0,0,4,0,0,1,0,1,2,0,0,0,0,0,0,0,13
15841250_106.txt,7,3,0,3,4,0,0,0,2,111,3,0,40,0,13,0,0,0,0,3,0,0,1,0,0,17,0,1,9,0,0,16,7,0,0,0,0,17,3,13,0,0,0,3,4,7,0,0,1,0,3,0,2,0,0,2,0,12,0,2,0,1,0,7,6,0,0,0,0,0,0,0,0,0,1,0,0,0,0,0,0,0,0,0,0,0,9,2,0,0,0,0,0,0,0,0,0,0,0,0,12
21287649_107.txt,5,3,0,3,1,1,0,0,2,111,6,0,2,1,15,1,0,0,1,0,0,0,0,0,0,18,1,1,7,0,0,14,11,0,0,0,1,10,4,18,0,0,0,2,5,6,0,0,0,0,4,0,5,0,3,1,0,7,0,3,0,0,0,5,5,0,0,0,0,0,6,0,0,0,1,1,1,0,0,0,0,0,0,0,0,0,8,0,0,0,0,0,0,0,0,0,0,0,0,0,11
11100390_104.txt,8,7,0,5,1,2,0,0,7,114,5,1,20,0,18,4,1,0,0,0,0,0,0,0,0,23,1,0,8,1,0,18,1,0,0,0,0,18,2,19,0,0,2,3,2,6,0,0,2,0,6,0,4,0,3,1,0,9,0,0,0,0,0,8,13,0,0,0,0,0,0,0,0,0,1,0,0,0,0,0,0,0,0,0,0,1,9,0,0,0,0,2,0,1,0,0,0,0,0,0,14
33923927_113.txt,6,3,0,3,1,2,0,0,2,113,6,2,25,0,11,0,0,0,0,0,0,0,0,0,0,11,5,0,9,0,0,16,7,0,0,0,1,22,0,15,0,0,1,4,4,2,0,0,1,0,2,0,5,1,3,1,0,13,0,1,0,0,0,5,5,0,0,0,0,0,0,0,0,0,2,0,1,0,0,0,0,0,0,0,0,1,6,0,0,0,0,0,4,0,0,0,0,0,0,0,14
29489347_104.txt,4,4,0,3,0,1,0,0,5,105,5,1,35,0,0,2,1,0,3,1,0,1,0,0,0,8,3,0,16,0,0,12,8,0,0,0,0,18,4,10,0,0,1,1,3,4,0,0,2,0,4,0,2,1,2,7,3,6,0,0,0,1,0,4,4,0,0,0,0,0,0,0,0,0,0,1,0,0,0,0,0,0,1,0,0,0,5,1,0,0,0,1,1,1,0,0,0,0,0,0,11
3405396_114.txt,4,1,0,4,0,0,0,0,3,116,5,1,49,1,10,1,0,0,2,4,0,0,0,0,0,18,5,2,11,0,0,17,6,0,0,0,0,17,6,16,0,0,2,3,4,4,0,1,1,0,2,0,1,1,2,5,1,7,0,0,0,1,0,4,6,0,0,0,0,0,0,0,0,0,1,1,1,0,0,0,0,0,0,0,0,0,5,0,0,0,0,0,0,1,0,0,0,0,0,0,9
14079871_103.txt,6,2,0,4,1,1,0,0,3,112,2,0,33,2,7,5,4,0,1,0,0,0,0,0,0,19,2,4,13,0,0,14,8,2,0,0,0,13,3,10,0,0,1,2,4,8,0,0,0,0,0,0,0,0,2,4,0,11,1,1,0,0,0,6,7,0,1,0,0,0,0,0,0,0,1,1,0,0,0,0,0,0,0,0,0,0,9,0,0,0,0,0,2,0,0,0,0,0,0,0,13
12719322_113.txt,8,3,0,6,2,0,0,0,1,124,1,0,31,2,3,9,0,4,5,0,0,0,0,0,0,23,4,2,15,0,0,7,9,0,0,0,1,15,5,19,4,0,1,1,2,1,0,0,0,0,4,0,2,1,2,4,5,6,0,1,0,1,0,8,6,0,0,0,0,0,0,0,0,0,1,0,0,0,0,0,0,0,0,0,0,0,8,0,0,0,0,0,2,1,0,0,1,0,0,0,13
29649592_115.txt,2,2,1,1,0,0,0,0,4,127,1,1,20,0,4,6,0,1,7,0,0,0,0,0,0,18,3,0,16,0,0,18,12,1,0,0,0,15,7,20,0,0,0,2,3,0,0,0,0,0,4,0,3,1,2,1,2,3,0,0,0,1,0,2,11,0,2,0,0,0,2,2,0,0,0,1,0,0,0,0,0,0,0,0,0,1,5,0,0,0,0,0,0,1,0,0,0,0,0,0,8
