28374339_120.txt,8,3,0,3,3,2,0,0,3,128,1,1,42,0,13,2,0,0,0,0,0,0,1,0,0,16,4,0,9,0,0,16,7,0,0,0,0,15,2,17,0,0,2,4,7,7,0,0,0,0,6,0,5,1,1,1,0,12,0,2,0,0,1,8,5,1,0,0,0,0,0,0,0,0,1,0,1,0,0,0,0,0,0,0,0,0,9,2,0,0,0,2,2,0,0,0,0,0,0,0,17
15250411_110.txt,4,2,0,4,0,0,0,0,2,119,8,0,50,0,6,1,2,0,8,0,0,0,0,0,0,17,2,0,17,0,0,19,10,0,0,0,0,20,6,11,2,0,4,0,3,3,0,0,0,0,2,0,2,1,1,3,0,6,0,1,0,1,2,4,8,0,1,0,0,0,0,0,0,0,0,0,0,0,0,0,0,0,0,0,1,0,8,0,0,0,0,0,0,2,0,0,0,0,0,0,11
36621772_103.txt,5,4,0,3,0,2,0,0,4,105,6,0,33,1,0,1,2,0,0,0,0,0,0,0,0,4,3,2,17,0,0,14,8,0,0,0,1,22,6,1,0,0,1,2,2,2,0,0,1,0,2,0,1,1,3,2,1,9,1,1,0,0,2,5,3,2,0,0,0,0,0,0,0,0,0,0,0,0,0,0,0,0,0,0,0,1,8,0,0,0,0,0,1,1,0,0,0,0,0,0,11
24062726_119.txt,5,2,2,1,1,0,1,0,5,142,5,0,14,3,7,0,0,0,0,0,0,0,0,0,0,10,4,0,16,0,0,10,4,0,0,0,2,21,3,11,0,0,0,7,8,6,0,0,1,0,3,0,5,0,2,2,3,7,0,0,0,2,4,5,21,4,1,0,0,0,0,0,0,0,2,1,0,0,0,0,0,0,0,0,0,0,8,0,0,0,0,1,3,2,0,1,0,0,0,0,18
10085500_113.txt,4,5,0,3,1,0,0,0,3,118,5,0,36,0,7,0,3,0,0,5,0,0,1,0,0,16,3,2,6,0,0,10,9,1,0,0,1,19,2,8,0,0,2,5,7,6,0,0,0,0,7,0,5,0,4,5,2,6,0,1,0,0,1,4,9,1,0,0,0,0,0,0,0,0,0,1,0,0,0,0,1,0,0,0,0,0,5,0,0,0,0,0,3,1,0,0,0,0,0,0,11
24940480_117.txt,4,4,1,3,0,0,0,0,6,120,4,0,16,3,2,0,0,0,1,0,0,0,0,0,0,6,6,3,13,0,0,10,6,0,0,0,1,19,14,3,0,0,0,1,2,2,0,0,1,0,3,0,7,0,9,4,3,5,3,0,0,1,1,4,8,1,0,0,0,0,0,0,0,0,1,1,0,0,0,0,0,0,0,1,0,0,10,1,0,0,0,0,1,1,0,0,0,0,0,0,16
15098889_105.txt,9,2,0,5,0,4,0,0,0,119,1,1,29,0,0,0,0,0,0,2,0,2,0,0,0,4,2,1,17,0,0,12,3,0,0,0,0,24,4,0,0,0,0,8,4,3,0,0,0,0,5,0,3,5,6,1,1,4,0,0,0,1,0,9,8,0,0,0,0,0,0,0,0,0,0,1,1,0,0,0,0,0,0,1,0,1,8,0,0,0,0,1,1,0,0,0,0,0,0,0,14
10823667_102.txt,4,1,0,2,0,2,0,0,2,104,3,0,17,0,0,0,0,0,4,0,0,0,0,0,0,4,6,0,10,0,0,10,7,0,1,0,1,19,6,4,0,0,0,5,3,4,0,0,0,0,4,0,5,1,0,5,0,7,0,2,0,0,0,4,5,0,0,0,0,0,0,0,0,0,0,0,0,0,0,0,0,0,0,0,0,0,5,1,0,0,0,0,3,1,0,0,0,0,0,0,10
770300_116.txt,5,1,0,4,0,1,0,0,4,126,7,0,27,1,3,3,0,0,0,0,1,0,0,0,0,8,5,1,13,0,0,13,10,0,0,0,0,22,5,6,0,0,1,4,8,3,0,0,0,0,4,0,3,2,2,4,1,8,1,0,0,1,1,5,13,1,0,0,0,0,0,0,0,0,0,0,1,0,0,0,0,0,0,0,0,0,9,0,0,0,0,0,1,1,0,0,0,0,0,0,12
26666832_103.txt,6,4,0,3,0,3,0,0,1,106,7,1,28,0,7,1,0,0,0,0,0,0,0,0,0,8,2,0,14,0,0,12,5,0,0,0,0,18,7,8,1,0,0,3,3,3,1,0,0,0,3,0,3,0,3,1,0,11,1,1,0,1,1,6,3,1,0,0,0,0,3,0,0,0,1,0,0,0,0,0,0,0,0,0,0,0,10,0,0,0,0,0,2,0,0,0,0,0,0,0,13
32912072_109.txt,5,3,0,4,1,0,0,0,5,116,4,0,35,3,10,2,0,0,1,2,0,0,0,0,0,18,4,4,8,0,0,15,8,0,0,0,0,15,6,12,0,0,0,2,5,4,0,0,0,0,4,0,3,0,4,1,1,7,0,1,0,2,0,5,14,0,0,0,0,0,0,0,0,0,1,1,1,0,0,0,0,0,0,0,0,0,8,0,0,0,0,0,2,2,0,0,0,0,0,0,15
32380648_114.txt,7,2,0,3,2,2,0,1,1,126,5,0,31,1,7,2,4,0,0,2,3,0,0,0,0,19,3,5,7,0,0,12,7,0,0,0,0,19,3,13,0,0,0,10,4,0,0,0,0,0,6,0,5,1,2,3,1,10,0,2,0,0,1,7,7,1,1,0,0,0,3,0,0,0,2,0,0,0,0,0,0,1,0,0,1,0,9,1,0,0,0,1,2,0,0,0,0,0,0,0,17
17813880_101.txt,5,2,0,4,1,0,0,0,1,110,1,0,16,0,11,0,1,0,0,0,0,0,1,0,0,13,4,0,15,0,0,12,3,1,0,0,0,17,4,10,0,0,0,2,1,5,0,0,0,0,7,0,3,1,4,4,0,7,0,1,0,0,0,5,5,0,1,0,0,0,0,0,0,0,1,0,1,0,0,0,0,0,0,1,1,0,8,0,0,0,0,0,1,2,0,0,0,0,0,0,15
18571533_102.txt,5,4,0,4,0,1,0,0,1,102,4,0,40,0,4,0,5,0,0,5,0,0,0,0,0,14,6,2,11,0,0,8,9,0,0,0,0,19,8,4,0,0,0,3,2,5,0,0,0,0,3,0,3,0,0,5,7,3,0,0,0,2,0,5,2,0,0,0,0,0,0,0,0,0,1,1,0,0,0,0,0,0,0,0,0,0,5,1,0,0,0,0,3,0,0,0,0,0,0,0,11
32151115_118.txt,9,4,0,6,2,1,0,0,6,121,2,1,36,1,15,2,0,3,1,2,0,0,0,0,0,24,8,2,5,0,0,13,4,0,0,0,0,18,2,27,0,0,0,2,1,7,0,0,0,0,4,0,7,4,1,0,2,11,0,0,0,0,0,9,3,0,0,0,0,0,0,0,0,0,3,0,0,0,0,0,0,0,0,1,0,0,11,0,0,0,0,1,4,1,0,0,0,0,0,0,21
32405156_120.txt,5,3,0,3,2,0,0,0,3,129,2,0,30,1,8,1,2,1,0,7,0,0,0,0,0,20,5,3,17,0,0,16,6,1,0,0,0,27,6,10,0,0,1,4,4,3,1,0,0,0,3,0,4,0,0,0,0,9,0,1,0,1,0,4,7,0,1,0,0,0,0,0,0,0,1,0,0,0,0,0,1,0,0,0,0,0,7,0,0,0,0,0,2,0,0,0,1,0,0,0,12
13769297_120.txt,6,5,0,6,0,0,0,1,8,117,3,0,17,1,7,2,1,0,1,0,0,0,0,0,0,12,2,0,10,0,0,13,11,0,0,0,3,21,1,13,0,0,2,7,3,6,0,0,0,0,2,0,3,3,2,3,0,8,2,1,0,2,0,6,5,0,0,0,0,0,0,0,0,0,2,1,2,0,0,0,0,0,0,0,0,0,10,0,0,0,0,0,1,0,0,0,0,0,0,0,16
28136271_110.txt,8,4,0,4,3,1,0,0,5,110,4,1,28,1,8,0,4,4,0,0,0,0,0,0,0,17,1,1,19,0,0,15,4,0,0,0,1,24,3,15,0,0,0,1,2,1,0,0,1,0,2,0,4,0,4,2,3,5,0,1,0,0,0,8,3,0,0,0,0,0,0,0,0,0,0,0,0,0,0,0,0,0,0,0,0,0,9,0,0,0,0,0,0,0,0,0,0,0,0,0,9
4398477_113.txt,4,2,0,2,1,1,0,0,2,119,1,0,31,0,3,0,0,0,8,0,0,0,1,0,0,12,4,0,15,0,0,15,15,0,0,0,0,25,4,8,0,0,3,1,3,0,0,0,1,0,3,0,3,0,3,2,1,7,0,1,0,0,0,4,4,0,0,0,0,0,0,0,0,0,1,0,0,0,0,0,0,0,0,0,0,0,9,0,0,0,0,0,0,0,0,0,1,0,0,0,11
29278064_118.txt,3,3,0,2,0,1,0,0,2,119,4,2,36,0,10,0,0,0,0,0,0,0,0,0,0,10,2,0,8,1,0,12,10,0,0,0,1,18,3,13,0,0,2,4,5,3,0,0,2,0,10,0,9,0,3,1,1,7,0,2,0,0,0,3,7,0,0,0,0,0,0,0,0,0,1,0,1,0,1,0,0,0,0,1,0,0,7,1,0,0,0,0,0,1,0,1,0,0,0,0,14
2642180_101.txt,5,2,0,4,0,1,0,0,3,116,2,0,35,0,8,0,2,0,2,2,1,0,1,0,0,16,4,1,11,0,0,16,9,1,0,0,0,20,5,10,0,0,1,2,3,2,0,0,0,0,0,0,1,0,1,4,0,9,0,1,0,0,0,4,12,0,0,0,0,0,2,2,0,0,3,0,0,0,0,0,0,0,0,0,0,0,6,0,0,0,0,0,0,0,0,0,0,0,0,0,9
6629405_119.txt,4,2,1,3,0,0,0,0,1,172,4,0,14,11,9,2,0,3,3,5,0,0,0,0,0,33,1,12,9,0,0,7,8,0,0,0,0,38,4,29,2,0,0,0,0,1,0,0,0,6,0,0,0,3,2,3,0,1,0,0,0,0,1,3,1,1,9,0,0,0,18,18,0,0,0,0,0,0,0,0,0,0,0,0,0,0,10,0,0,0,0,0,0,2,0,0,0,0,0,0,12
7332392_102.txt,3,1,0,3,0,0,0,0,10,97,1,0,21,0,2,0,1,0,1,0,0,0,0,0,0,4,2,0,18,0,0,15,8,0,0,0,1,16,5,3,0,0,0,2,3,4,0,0,2,0,4,0,4,0,2,4,2,5,1,2,0,0,0,3,2,0,0,0,0,0,0,0,0,0,1,0,0,0,0,0,0,0,0,0,0,0,6,0,0,0,0,0,2,1,0,0,1,1,0,0,12
14127574_111.txt,6,3,1,3,0,2,0,0,4,113,6,1,26,0,5,0,0,1,0,0,0,0,0,0,0,6,4,0,11,0,0,10,8,0,0,0,1,15,7,7,0,0,0,1,4,5,0,0,2,0,7,0,8,1,0,7,1,7,0,1,0,3,0,6,8,0,0,0,0,0,0,0,0,0,0,0,1,0,0,0,1,0,0,0,0,1,8,0,0,0,0,0,2,0,0,0,0,0,0,0,13
2019025_120.txt,3,1,0,2,0,1,0,0,1,123,7,0,26,1,6,9,0,0,2,0,0,0,0,0,0,18,3,1,15,0,0,18,8,0,0,0,0,21,5,17,0,0,0,2,1,6,0,0,0,0,3,0,0,0,3,3,0,9,0,2,0,1,1,3,5,1,0,0,0,0,3,0,0,0,0,0,0,0,0,0,0,0,0,0,0,1,9,0,0,1,0,0,0,0,0,0,0,0,0,0,11
