13759088_118.txt,5,3,0,4,1,0,0,0,5,120,5,1,15,3,7,0,3,0,0,0,2,0,1,0,0,16,5,3,10,0,0,11,7,0,0,0,0,22,0,7,0,0,1,6,5,7,0,0,0,0,5,0,3,1,3,5,1,12,0,4,0,1,1,5,5,1,0,0,0,0,0,0,0,0,3,0,0,0,0,0,0,0,0,0,0,0,13,0,0,0,0,0,2,1,0,0,0,0,0,0,19
16593269_104.txt,3,3,0,2,1,0,0,0,2,107,1,0,23,0,4,1,0,0,0,3,0,0,0,0,0,8,4,1,16,0,0,13,3,0,0,0,2,19,6,7,0,0,0,1,1,5,0,0,2,0,4,0,6,0,1,4,0,5,0,0,0,0,1,2,4,1,2,0,0,0,0,0,0,0,0,0,0,0,0,0,0,0,0,0,0,1,5,1,0,0,0,0,0,0,0,0,0,0,0,0,7
19322734_119.txt,5,5,0,4,0,1,0,0,2,132,6,0,35,2,10,0,0,0,0,0,0,0,0,0,0,12,4,2,17,0,0,15,8,0,0,0,0,12,12,20,3,1,2,2,1,3,0,0,1,0,1,0,2,0,1,4,1,5,0,1,0,0,4,5,2,4,3,0,0,0,2,2,0,0,1,0,0,0,0,0,0,0,0,0,0,0,7,0,0,0,0,0,2,1,0,0,0,0,0,0,11
8272243_118.txt,3,5,1,2,0,0,0,0,4,122,0,1,19,4,1,4,2,0,0,0,2,0,0,0,0,13,2,4,22,0,0,13,6,0,0,0,1,29,3,6,1,0,1,3,0,0,0,0,1,0,5,0,6,0,0,1,2,4,0,1,0,0,1,3,10,1,1,0,0,0,0,0,0,0,0,0,0,0,0,0,0,1,1,0,0,0,5,0,0,0,0,0,1,1,0,0,0,0,0,0,9
3667955_117.txt,4,3,0,2,2,0,0,0,4,123,5,0,27,0,8,5,3,0,3,0,0,0,0,0,0,19,5,0,8,0,0,19,10,0,0,0,0,20,7,14,0,0,4,1,7,2,0,0,1,0,5,0,4,3,3,4,1,2,1,0,0,0,0,4,6,0,1,0,0,0,0,0,0,0,1,0,0,0,0,0,0,0,0,0,0,0,6,1,0,0,0,0,0,2,0,0,1,0,0,0,11
33052281_105.txt,8,3,0,6,2,0,0,0,6,109,5,0,25,1,14,1,0,0,0,0,0,0,0,0,0,16,5,1,12,0,0,12,3,0,0,0,0,17,4,15,0,0,1,6,4,2,0,0,0,0,1,0,3,0,2,6,0,11,0,0,1,0,0,7,3,0,0,0,0,0,2,2,0,0,2,1,0,0,0,0,0,0,0,1,0,0,7,0,0,0,0,0,1,0,0,2,1,0,0,0,15
10750885_108.txt,8,7,0,3,3,2,0,0,3,123,3,0,43,1,7,0,0,0,1,0,0,0,0,0,0,9,4,1,14,0,0,11,7,0,0,0,0,21,1,7,0,0,4,7,1,8,0,0,0,0,5,0,5,1,0,5,6,4,0,0,0,0,0,8,8,0,1,0,0,0,0,0,0,0,0,0,0,0,2,0,0,0,0,1,0,0,7,1,0,1,0,1,1,1,0,0,0,0,0,0,15
12507175_106.txt,5,1,0,3,0,2,0,0,3,117,5,1,39,0,13,1,6,5,0,0,0,0,0,0,0,25,4,0,12,0,0,11,15,1,1,0,0,20,2,18,0,0,2,2,6,0,0,0,1,0,2,0,1,2,1,1,0,5,0,1,0,0,0,5,13,0,0,0,0,0,0,0,0,0,1,0,1,0,0,0,0,0,0,0,0,2,5,0,0,0,0,0,0,0,0,0,0,0,0,0,9
12059824_109.txt,4,4,0,4,0,0,0,0,4,110,2,0,60,0,17,1,6,0,0,2,0,0,0,0,0,26,4,4,11,0,0,16,6,1,0,0,0,10,10,17,0,0,1,2,1,8,1,0,0,0,1,0,0,3,2,4,0,4,2,1,0,0,0,4,3,0,0,0,0,0,0,0,0,0,0,0,0,0,0,0,0,0,0,0,0,0,6,0,0,0,0,0,2,0,0,0,0,0,0,0,8
5507687_103.txt,4,1,0,4,0,0,0,0,1,106,5,1,20,0,11,8,0,0,0,0,0,0,0,0,0,19,3,0,11,0,0,18,7,0,0,0,1,18,7,21,0,0,0,0,4,2,0,0,0,0,0,0,1,2,1,2,0,2,0,2,0,0,0,4,7,0,0,0,0,0,0,0,0,0,0,0,0,0,0,0,0,0,0,1,0,0,4,0,0,0,0,0,1,1,0,0,0,0,0,0,7
22542212_115.txt,7,5,0,4,2,1,0,0,6,124,0,0,22,2,6,0,0,0,0,0,1,0,0,0,0,9,3,2,11,0,0,16,4,2,0,0,0,18,4,7,0,0,4,6,7,2,0,1,0,0,7,0,6,1,2,2,6,8,1,0,0,0,0,7,3,0,0,0,0,0,0,0,0,0,0,1,0,0,0,0,1,0,0,1,0,1,5,0,0,0,0,1,3,0,0,0,0,0,0,0,13
14001162_106.txt,6,3,0,5,1,0,0,0,2,102,9,0,27,0,4,0,0,4,0,0,0,0,0,0,0,8,2,0,9,0,0,10,12,1,0,0,0,23,6,8,0,0,1,5,4,0,0,0,0,0,5,0,3,0,3,2,2,7,0,1,0,1,0,6,2,0,0,0,0,0,0,0,0,0,1,0,2,0,0,0,0,0,0,0,0,0,9,0,0,0,0,0,0,2,0,0,0,0,0,0,14
28948643_101.txt,4,2,0,4,0,0,0,0,4,105,6,0,11,1,7,4,0,2,0,0,0,0,0,0,0,14,2,0,10,0,0,13,6,0,0,0,0,17,4,15,0,0,2,1,5,1,0,0,1,0,4,0,4,0,1,6,1,8,0,1,0,1,0,4,4,0,0,0,0,0,2,2,0,0,2,0,1,0,0,0,0,0,0,0,0,2,7,1,0,0,0,0,1,0,0,0,0,0,0,0,14
2627813_107.txt,6,2,0,5,0,1,0,0,2,108,5,0,20,0,9,5,7,0,0,0,2,0,0,0,0,23,3,0,16,0,0,13,6,0,0,0,0,23,3,16,0,0,1,0,1,4,0,0,0,0,3,0,1,0,7,4,1,5,0,0,0,0,0,6,2,0,0,0,0,0,0,0,0,0,1,0,0,0,0,0,0,0,0,0,0,0,8,0,0,0,0,0,2,0,0,0,0,0,0,0,11
30050789_102.txt,8,5,1,5,1,1,0,0,3,108,2,0,22,1,9,0,0,0,0,0,0,0,0,0,0,10,3,1,10,0,0,12,2,0,0,0,0,14,6,12,0,0,2,6,1,4,0,0,0,0,2,0,2,2,3,6,3,8,0,2,0,0,0,8,4,0,0,0,0,0,0,0,0,0,1,0,1,0,0,0,0,0,0,0,0,0,10,0,0,0,0,0,2,0,0,0,0,0,0,0,14
7421657_116.txt,3,3,0,3,0,0,0,0,3,110,8,1,29,0,9,8,0,0,0,4,0,0,0,0,0,21,4,1,9,0,0,14,10,0,0,0,0,19,1,19,0,0,0,3,4,2,0,0,0,0,6,0,4,0,5,4,0,8,0,1,0,0,0,3,5,0,0,0,0,0,0,0,0,0,2,0,1,0,0,0,0,0,0,0,0,1,6,1,0,0,0,0,1,0,0,1,0,0,0,0,13
15411235_115.txt,3,4,0,2,0,1,0,0,3,120,2,0,36,0,3,0,1,0,0,0,0,0,0,0,0,4,3,0,13,0,0,16,8,0,1,0,0,17,6,4,0,0,3,4,4,3,0,0,1,0,4,0,4,4,3,8,2,6,1,2,0,1,0,3,4,0,0,0,0,0,0,0,0,0,2,0,1,1,0,0,0,0,0,0,0,0,7,1,0,0,0,0,1,3,0,0,0,0,0,0,16
21714757_120.txt,7,4,0,5,0,2,0,0,3,137,3,1,34,0,16,0,0,0,0,0,0,0,0,0,0,16,6,0,8,0,0,13,7,0,0,0,0,28,0,15,0,0,3,4,8,7,0,0,0,0,3,0,4,0,1,4,1,11,0,0,0,1,1,7,11,1,0,0,0,0,0,0,0,0,2,0,0,0,0,0,0,0,0,0,0,0,9,0,0,0,0,1,3,1,0,0,0,0,0,0,16
3132637_120.txt,7,3,0,5,1,1,0,0,4,122,3,0,21,0,9,5,0,0,0,0,0,0,0,0,0,14,4,0,11,0,0,15,7,0,0,0,1,21,2,13,0,0,1,8,4,2,0,0,1,0,3,0,5,2,5,2,0,9,1,1,0,1,0,7,3,0,0,0,0,0,0,0,0,0,3,0,0,0,0,0,0,0,0,0,0,1,7,0,0,0,0,0,2,1,0,1,0,1,0,0,16
25510256_119.txt,3,3,0,2,0,1,0,0,7,125,3,1,30,1,6,1,0,0,2,0,0,0,0,0,0,10,4,1,6,0,1,16,7,0,0,0,1,16,5,11,0,0,2,4,7,12,0,0,0,0,4,0,6,1,3,3,1,5,0,0,0,1,2,3,11,2,1,0,0,0,0,0,0,0,1,0,1,0,0,0,0,0,0,0,0,0,7,0,0,0,0,0,1,3,0,1,0,0,0,0,14
26735228_101.txt,7,6,0,4,2,1,0,0,1,106,5,1,24,0,9,1,0,1,0,0,0,0,1,0,0,12,8,0,10,0,0,11,9,0,0,0,0,13,5,13,2,0,0,1,3,4,0,0,1,0,2,0,0,2,3,2,1,8,0,0,0,1,0,7,4,0,0,0,0,0,3,0,0,0,0,1,0,0,0,0,0,0,0,1,0,0,6,0,0,0,0,0,3,0,0,1,0,0,0,0,12
5947065_101.txt,7,2,0,5,1,1,0,1,1,111,2,1,11,7,4,0,0,0,4,1,0,0,1,0,0,17,2,7,15,0,0,7,10,1,0,0,0,20,6,12,0,0,1,3,1,1,0,0,0,0,1,0,1,0,2,1,1,6,2,0,0,0,1,6,4,1,2,0,0,0,0,2,0,0,0,0,1,0,0,0,0,0,0,0,0,0,11,0,0,0,0,0,0,0,0,0,0,0,0,0,12
20986251_108.txt,6,4,0,3,2,1,0,0,2,110,7,1,13,1,5,2,0,0,0,0,0,0,0,0,0,8,3,1,14,0,0,11,10,0,0,0,1,15,6,8,0,0,0,8,2,1,0,0,1,0,3,0,3,0,3,1,4,9,0,2,0,1,0,6,7,0,0,0,0,0,0,0,0,0,2,0,2,1,0,0,0,0,0,0,0,0,8,0,0,0,0,1,0,2,1,0,0,0,0,0,17
28259693_106.txt,5,4,0,4,0,1,0,0,2,107,5,0,21,0,3,1,0,0,0,0,0,1,0,0,0,5,3,0,15,0,0,15,6,0,0,0,0,15,4,10,0,0,0,6,2,0,0,0,1,0,4,0,5,0,3,2,3,5,1,2,0,1,0,5,6,0,0,0,0,0,0,0,0,0,0,0,1,1,0,0,0,0,0,0,0,1,8,0,0,0,0,0,0,0,0,0,0,0,0,0,11
4471231_106.txt,5,5,0,3,1,1,0,0,1,111,2,2,33,2,3,6,3,0,2,0,0,0,0,0,0,16,4,2,13,0,0,11,7,1,0,0,0,15,7,10,1,0,0,3,5,0,0,0,0,0,1,0,1,3,4,7,2,3,1,3,0,0,0,5,4,0,3,0,0,0,0,0,0,0,2,0,1,0,0,0,0,0,0,0,0,0,9,0,0,0,0,0,2,1,0,0,0,0,0,0,15
