24570345_108.txt,6,4,0,3,0,3,0,1,1,111,5,0,25,0,6,6,3,0,0,0,0,0,0,0,0,15,2,1,5,0,0,13,5,1,0,0,1,10,8,12,0,0,0,5,9,2,0,0,0,0,5,0,5,1,4,3,1,11,0,2,0,1,0,6,4,0,1,0,0,0,0,0,0,0,3,0,1,0,0,0,0,1,0,0,0,1,9,0,0,0,0,0,1,1,0,1,0,0,0,0,18
23773341_109.txt,5,5,0,3,1,1,0,0,2,116,4,1,46,0,12,0,3,1,0,0,0,0,0,0,0,16,5,1,15,0,0,13,8,0,1,0,0,21,1,15,0,0,3,3,0,2,0,0,1,0,4,0,2,1,2,1,1,9,2,1,0,0,0,5,6,0,0,0,0,0,0,0,0,0,0,1,0,0,0,0,0,0,0,0,0,1,6,0,0,0,0,0,1,1,1,0,0,0,0,0,11
20066677_117.txt,6,4,0,3,2,1,0,0,2,117,6,0,29,1,5,0,2,0,0,0,0,0,1,0,0,9,7,1,14,0,0,15,11,0,0,0,1,24,5,5,0,0,1,4,5,3,0,0,0,0,3,0,4,4,2,1,0,4,0,1,0,1,0,6,3,0,0,0,0,0,0,0,0,0,0,2,0,0,0,0,0,0,0,1,0,0,7,0,0,0,0,0,3,1,0,0,0,0,0,0,14
4922371_106.txt,6,4,0,4,1,1,0,0,5,112,1,2,22,1,4,3,1,0,0,0,0,0,0,0,0,9,2,1,14,0,0,12,7,0,0,0,0,22,4,7,0,0,1,2,5,4,0,0,1,0,4,0,5,2,3,1,2,7,0,3,0,0,0,6,4,0,1,0,0,0,0,0,0,0,0,0,0,1,0,0,0,0,0,0,0,0,9,0,0,1,0,0,0,1,0,0,0,0,0,0,12
2259783_109.txt,5,4,0,4,0,0,1,0,2,124,4,1,15,0,10,1,0,0,1,0,0,0,0,0,2,14,4,1,14,0,0,14,8,0,0,0,0,24,4,13,0,0,1,2,3,4,0,0,1,0,2,0,3,3,5,2,2,4,1,0,0,0,0,4,7,0,5,0,0,0,0,0,0,0,0,0,0,0,0,0,0,0,0,0,0,0,9,1,0,0,0,1,1,0,0,0,0,0,0,0,12
12582043_110.txt,6,5,0,3,0,3,0,0,1,116,4,0,36,1,7,2,1,0,1,0,0,0,0,0,0,12,4,2,15,0,0,15,6,0,0,0,0,21,4,9,0,1,1,6,1,3,0,0,1,0,3,0,2,8,3,4,0,2,1,0,0,0,0,6,3,0,0,0,0,0,0,0,0,0,2,1,1,0,0,0,0,0,0,0,0,0,8,0,0,0,0,0,2,0,0,1,0,0,0,0,15
171550_120.txt,6,7,0,4,0,2,0,0,1,128,2,0,19,2,6,1,0,0,2,0,0,0,0,0,0,11,5,2,8,0,0,14,3,0,0,0,0,25,4,11,0,0,1,4,8,2,0,0,0,0,3,0,5,0,6,1,2,9,0,3,0,0,0,6,9,0,0,0,0,0,0,0,0,0,1,0,0,0,0,0,0,0,0,0,0,0,10,0,0,0,0,1,4,0,0,0,0,0,0,0,16
3459677_118.txt,6,3,0,6,0,0,0,0,8,111,1,1,18,2,16,0,0,0,0,0,0,0,0,0,0,18,6,2,4,0,0,12,8,0,0,0,0,6,9,16,0,0,0,7,8,6,0,0,0,0,4,0,4,0,0,3,6,6,0,1,0,0,0,6,6,0,1,0,0,0,0,0,0,0,1,0,0,0,0,0,0,0,0,0,1,0,5,0,0,0,0,0,5,0,0,0,1,0,0,0,13
5667757_101.txt,5,6,0,2,1,2,0,0,1,104,2,0,12,0,4,3,2,0,0,0,0,0,0,0,0,9,6,0,10,0,0,6,9,0,0,0,0,16,6,9,1,0,1,5,6,2,0,0,0,0,7,0,4,0,3,0,1,7,1,0,0,0,0,5,2,0,0,0,0,0,0,0,0,0,0,0,0,0,0,0,0,0,0,0,0,0,5,1,0,0,0,0,4,0,0,0,0,0,0,0,10
10813763_114.txt,5,5,0,5,0,0,0,0,3,133,0,0,36,1,8,5,0,2,0,0,0,0,0,0,0,16,3,1,17,0,0,21,6,1,0,0,0,25,1,24,0,0,3,1,1,0,0,0,0,0,3,0,2,0,1,5,0,7,0,0,0,0,1,5,4,1,1,0,0,0,2,0,0,0,0,1,0,0,0,0,0,0,0,0,0,0,8,0,0,0,0,0,1,0,0,0,0,0,0,0,10
21303335_111.txt,6,6,0,6,0,0,0,0,3,115,3,0,16,0,8,4,0,0,1,0,0,0,0,0,0,13,5,0,17,0,0,11,3,0,0,0,1,15,3,15,0,0,2,4,3,3,0,0,2,0,6,0,5,0,1,3,0,12,1,0,0,1,0,6,2,0,0,0,0,0,0,0,0,0,2,1,0,0,0,0,0,0,0,1,1,0,4,0,0,0,0,0,5,0,0,0,0,0,0,0,14
16915757_112.txt,7,3,1,2,2,2,0,0,3,110,7,1,32,0,12,0,0,0,0,2,0,0,0,0,0,14,6,1,7,0,0,15,6,0,0,0,0,13,4,12,0,0,0,6,5,7,0,0,0,0,4,0,3,2,3,2,2,11,0,0,0,0,0,7,5,0,0,0,0,0,0,0,0,0,2,1,0,0,0,0,0,0,0,0,1,0,6,1,0,0,0,0,5,0,0,0,0,0,0,0,16
3761238_103.txt,6,5,0,4,1,1,0,0,6,107,1,0,13,1,7,0,0,0,0,0,1,0,0,0,0,9,2,1,13,0,0,11,5,0,0,0,1,22,1,7,0,0,1,7,2,6,0,0,1,0,4,0,5,0,3,1,1,8,1,0,0,0,0,6,4,1,0,0,0,0,0,0,0,0,1,0,0,0,0,0,0,0,0,0,0,0,6,0,0,0,0,0,1,1,0,1,0,0,0,0,10
22287758_107.txt,6,3,0,5,0,1,0,0,1,114,7,1,65,0,13,3,2,2,7,0,0,0,0,0,0,27,1,2,10,0,0,16,8,0,0,0,0,20,2,17,2,0,1,3,1,2,0,0,0,0,4,0,2,0,0,5,0,8,0,0,0,0,0,6,9,0,0,0,0,0,2,2,0,0,0,1,0,0,0,0,0,0,0,0,1,0,7,0,0,0,0,0,0,0,0,0,0,0,0,0,9
33824540_103.txt,7,5,0,5,2,0,0,0,5,108,1,1,17,0,10,0,0,0,0,0,0,0,0,0,0,10,8,0,13,0,0,7,4,0,0,0,0,14,6,10,1,0,0,5,2,4,0,0,0,0,5,0,4,0,0,2,3,13,1,1,0,0,0,7,5,0,0,0,0,0,0,0,0,0,0,0,0,0,0,0,0,0,0,0,0,0,12,0,0,0,0,0,4,0,0,0,0,0,0,0,16
32883730_117.txt,8,4,0,3,3,2,0,0,5,123,2,1,33,0,10,0,4,0,1,0,0,0,0,0,0,15,8,1,11,0,0,12,1,1,0,0,0,21,3,10,1,0,1,3,6,4,1,0,1,0,3,0,3,3,4,5,0,12,0,1,0,0,0,7,4,0,0,0,0,0,2,2,0,0,0,0,0,1,0,0,0,0,0,1,1,0,9,0,0,0,0,0,5,1,0,0,0,0,0,0,18
8711818_110.txt,6,4,0,5,1,0,0,0,5,112,3,0,49,0,7,1,1,1,7,0,0,0,0,0,0,17,5,1,8,0,0,12,12,0,0,0,0,20,7,12,0,0,2,5,1,3,0,0,0,0,4,0,6,0,0,2,1,8,0,1,0,0,0,6,4,0,0,0,0,0,0,0,0,0,0,0,0,0,0,0,0,0,0,0,0,1,4,0,0,0,0,0,5,0,0,0,0,0,0,0,10
14812463_106.txt,7,3,0,3,1,3,0,0,1,125,4,1,37,0,11,2,0,0,1,1,1,0,0,0,0,16,2,0,11,0,0,12,5,1,0,0,0,26,1,14,0,0,2,2,7,1,0,0,0,0,3,0,3,1,1,1,2,9,1,0,0,0,0,7,19,0,0,0,0,0,0,0,0,0,0,0,0,1,0,0,0,0,0,2,0,0,6,0,0,0,0,1,0,0,0,0,0,0,0,0,10
13598172_111.txt,6,4,0,6,0,0,0,0,3,117,3,0,49,0,0,4,1,5,1,0,0,0,0,0,0,11,3,0,19,0,0,11,5,0,0,0,0,21,3,9,0,0,1,0,3,9,0,0,0,0,7,0,4,0,4,2,2,8,0,1,0,0,0,6,5,0,0,0,0,0,0,0,0,0,0,0,1,0,0,0,0,0,0,0,0,1,7,1,0,0,0,0,3,0,0,0,0,0,0,0,13
28802682_115.txt,7,3,0,3,3,1,0,0,1,123,3,0,42,0,2,1,8,5,5,0,0,0,0,0,0,21,6,4,12,0,0,12,7,0,0,0,1,18,12,16,1,0,1,4,2,0,0,1,0,0,3,0,2,1,3,1,3,4,0,0,0,1,0,6,6,0,0,0,0,0,0,0,0,0,2,1,0,0,0,0,0,0,0,0,0,0,6,0,0,0,0,0,1,0,0,0,0,0,0,0,10
16731647_120.txt,8,5,0,7,0,1,0,0,4,128,1,0,32,0,17,2,0,0,2,0,0,0,0,4,0,25,6,2,10,0,0,9,5,0,0,0,0,24,2,21,0,0,3,3,4,1,0,0,0,0,8,0,8,0,2,4,1,6,0,0,0,0,0,8,5,0,0,0,1,0,0,0,0,0,0,0,0,0,0,0,0,0,0,0,0,1,8,1,0,0,0,1,0,0,0,0,0,0,0,0,11
36089665_107.txt,5,3,0,5,0,0,0,0,4,113,1,0,34,1,8,0,0,0,0,0,0,0,0,0,0,9,6,1,8,0,0,16,4,0,0,0,0,16,5,8,0,0,1,6,4,7,0,0,0,0,2,0,2,1,1,7,2,10,0,0,0,0,0,5,5,0,1,0,0,0,0,0,0,0,1,0,1,0,0,0,0,1,0,0,0,0,4,0,0,0,0,0,2,0,0,1,0,0,0,0,10
8988995_107.txt,8,3,0,5,2,1,0,0,3,110,3,2,23,0,9,6,0,0,0,2,0,0,0,0,0,17,4,1,11,0,0,15,5,0,0,0,0,26,3,12,0,0,3,4,2,2,0,0,0,0,2,0,2,0,0,1,0,9,0,1,0,0,0,8,7,0,0,0,0,0,0,0,0,0,1,0,0,0,0,0,0,0,0,0,0,1,8,1,0,0,0,0,3,0,0,0,0,0,0,0,14
18001963_119.txt,7,3,0,5,2,0,0,0,3,122,3,1,22,2,6,5,0,0,0,0,0,0,0,0,0,13,9,2,16,0,0,15,9,0,1,0,0,13,3,12,2,1,0,6,1,3,0,0,0,1,2,0,1,1,0,4,8,3,0,0,0,1,0,6,5,0,1,0,0,0,3,0,0,0,2,2,0,0,0,0,0,0,0,0,0,0,6,1,0,0,0,0,1,1,0,0,0,0,1,0,14
28433267_102.txt,7,2,0,5,0,2,0,0,7,111,4,0,33,0,9,0,1,0,0,0,0,0,0,0,0,10,5,0,4,0,0,12,13,0,0,0,0,13,6,9,0,0,0,2,5,7,2,0,1,0,3,0,3,0,2,5,0,11,0,0,0,0,0,6,8,0,1,0,0,0,2,2,0,0,0,0,0,0,0,0,0,0,0,0,0,3,7,1,0,0,0,0,3,0,0,0,0,0,0,0,14
